0.9588,0.9983
0.9554,1.0019
0.9647,0.9957
0.9559,0.9943
0.9469,0.9977
0.9504,0.9961
0.9416,0.9994
0.9452,0.9976
0.9365,1.0006
0.9404,0.9986
0.9319,1.0014
0.936,0.9992
0.9278,1.0018
0.9321,0.9993
0.9242,1.0017
0.9288,0.9989
0.9212,1.001
0.9262,0.998
0.919,0.9998
0.9179,1.0014
0.9234,0.9979
0.9167,0.9993
0.9226,0.9955
0.9164,0.9966
0.9164,0.9974
0.91,1.003
0.9225,0.9986
0.9168,0.999
0.9173,0.9993
0.918,0.9993
0.9188,0.9992
0.9198,0.999
0.921,0.9985
0.9224,0.998
0.924,0.9972
0.9258,0.9963
0.9278,0.9953
0.93,0.9941
0.926,0.9976
0.9345,0.9961
0.9307,0.9994
0.9329,1.0025
0.9351,1.0054
0.9372,1.0082
0.9458,1.006
0.942,1.0086
0.9507,1.0061
0.9535,1.0035
0.9502,1.0057
0.9529,1.0078
0.9621,1.0048
0.9653,1.0018
0.9624,1.0035
0.9721,1.0003
0.9694,1.0018
0.9728,1.0033
0.9826,0.9998
0.9866,0.9962
0.9844,0.9975
0.9883,0.9987
0.9921,0.9998
0.9959,1.0009
0.9997,1.0019
1.0034,1.0029
1.0135,0.999
1.0113,0.9999
1.0151,1.0008
1.0189,1.0017
1.029,0.9977
1.0268,0.9986
1.0371,0.9946
1.035,0.9955
1.0454,0.9915
1.0434,0.9925
1.0475,0.9935
1.0579,0.9896
1.0559,0.9907
1.0598,0.9918
1.0637,0.9929
1.0674,0.9941
1.0645,1.0003
1.0736,1.0017
1.0765,1.0031
1.0792,1.0047
1.0816,1.0063
1.0839,1.008
1.0859,1.0098
1.094,1.0068
1.0897,1.0089
1.0912,1.011
1.0989,1.0084
1.1004,1.0059
1.0955,1.0084
1.1028,1.0061
1.104,1.004
1.1052,1.002
1.1128,0.9953
1.108,0.9936
1.1029,0.997
1.11,0.9956
1.1108,0.9943
1.1116,0.9932
1.1123,0.9923
1.1129,0.9915
1.107,0.9958
1.1132,0.9953
1.1131,0.995
1.1129,0.9948
1.1126,0.9948
1.1121,0.995
1.105,1.0002
1.1164,0.9958
1.1093,0.9965
1.1081,0.9973
1.1131,0.9934
1.1057,0.9945
1.0977,1.0006
1.1017,1.0021
1.1059,0.9987
1.0975,1.0005
1.1015,0.9974
1.0865,1.0043
1.0961,1.0016
1.0806,1.0087
1.0961,1.0013
1.0808,1.0039
1.0773,1.0065
1.08,1.0044
1.0767,1.0024
1.0605,1.0102
1.0752,1.0036
1.0655,1.0019
1.0619,1.0003
1.0519,1.0036
1.0542,1.0022
1.044,1.0057
1.0524,0.9996
1.0426,0.9983
1.0389,0.9972
1.0287,1.001
1.0309,0.9999
1.0206,1.0038
1.029,0.9979
1.0191,0.997
1.0154,0.9961
1.0053,1.0001
1.0075,0.9992
0.9972,1.0032
1.0058,0.9974
0.9896,1.0014
0.9919,1.0005
0.9881,0.9995
0.978,1.0035
0.9739,1.0073
0.9825,1.0014
0.9728,1.0003
0.9694,0.9992
0.9661,0.998
0.9566,1.0016
0.9595,1.0003
0.9565,0.9989
0.9536,0.9974
0.951,0.9959
0.9486,0.9942
0.9399,0.9973
0.9438,0.9955
0.9418,0.9935
0.9336,0.9963
0.938,0.9941
0.9301,0.9967
0.9283,0.9992
0.9264,1.0015
0.9311,0.9988
0.9235,1.0008
0.9221,1.0027
0.9207,1.0045
0.9193,1.0061
0.9116,1.0125
0.9226,1.0089
0.9153,1.0101
0.9143,1.0111
0.9197,1.0071
0.913,1.0078
0.919,1.0035
0.9128,1.0039
0.9194,0.9992
0.9202,0.9944
0.9216,0.9895
0.9169,0.9892
0.9186,0.9888
0.927,0.9834
0.9168,0.9875
0.9252,0.9866
0.9278,0.9856
0.9241,0.9893
0.9265,0.9929
0.9289,0.9963
0.9312,0.9995
0.9334,1.0026
0.9356,1.0056
0.9313,1.0133
0.9392,1.016
0.9473,1.0137
0.9432,1.0161
0.9515,1.0135
0.954,1.0108
0.9567,1.008
0.9597,1.0051
0.9629,1.002
0.9664,0.9989
0.9702,0.9957
0.9742,0.9923
0.9785,0.9889
0.9767,0.9903
0.9809,0.9916
0.9981,0.9831
0.9842,0.9892
0.9948,0.9903
0.9993,0.9914
1.0038,0.9924
1.0017,0.9983
1.0119,0.9993
1.016,1.0002
1.0135,1.006
1.0232,1.0069
1.0202,1.0127
1.0359,1.0087
1.0331,1.0096
1.0363,1.0105
1.0459,1.0065
1.043,1.0075
1.0462,1.0084
1.0556,1.0046
1.0591,1.0007
1.0628,0.9969
1.0601,0.9981
1.0699,0.9944
1.0672,0.9957
1.0704,0.9971
1.0735,0.9985
1.0829,0.9952
1.0797,0.9968
1.0825,0.9985
1.0851,1.0003
1.0809,1.0071
1.0888,1.0091
1.0967,1.0063
1.0986,1.0037
1.094,1.0061
1.0952,1.0086
1.1025,1.0063
1.1037,1.0042
1.1049,1.0022
1.106,1.0003
1.1071,0.9986
1.1081,0.9971
1.1091,0.9957
1.1099,0.9944
1.1107,0.9933
1.1114,0.9923
1.112,0.9916
1.1125,0.9909
1.1065,0.9953
1.1126,0.995
1.1124,0.9948
1.1121,0.9948
1.1116,0.995
1.1109,0.9953
1.1101,0.9958
1.1026,1.0013
1.1137,0.9972
1.1062,0.9982
1.1046,0.9993
1.1028,1.0005
1.1007,1.0019
1.0984,1.0035
1.0959,1.0052
1.0931,1.007
1.0965,1.0041
1.0874,1.0063
1.0842,1.0085
1.0807,1.0109
1.0898,1.0037
1.0741,1.0063
1.0703,1.009
1.0792,1.0021
1.0697,1.0002
1.0664,0.9984
1.0631,0.9967
1.0598,0.9951
1.0565,0.9936
1.0468,0.997
1.0495,0.9957
1.0396,0.9993
1.042,0.998
1.0383,0.9969
1.0282,1.0007
1.0305,0.9996
1.0202,1.0035
1.0222,1.0025
1.0117,1.0065
1.0136,1.0055
1.0093,1.0046
1.0052,1.0037
1.0011,1.0028
0.9906,1.0068
0.9925,1.0059
0.9884,1.005
0.9908,0.9992
0.981,0.9983
0.9775,0.9973
0.9741,0.9962
0.9644,1
0.9736,0.994
0.9645,0.9928
0.9553,0.9965
0.9585,0.9952
0.9558,0.9938
0.9533,0.9923
0.9446,0.9956
0.9484,0.994
0.9463,0.9922
0.9379,0.9952
0.9357,0.9982
0.9398,0.9961
0.9317,0.9988
0.9297,1.0014
0.9341,0.999
0.9262,1.0013
0.9244,1.0035
0.9292,1.0007
0.9217,1.0026
0.9203,1.0044
0.9254,1.0011
0.9184,1.0026
0.9175,1.004
0.9102,1.01
0.9218,1.0062
0.9215,1.0022
0.9152,1.0029
0.9151,1.0035
0.9215,0.999
0.9094,1.0041
0.9288,0.9944
0.9176,0.9944
0.9189,0.9941
0.9203,0.9937
0.922,0.9932
0.9173,0.9974
0.9317,0.9916
0.9278,0.9906
0.9303,0.9894
0.9266,0.993
0.9289,0.9964
0.9312,0.9996
0.9334,1.0028
0.942,1.0009
0.9383,1.0037
0.9406,1.0064
0.9429,1.009
0.9452,1.0114
0.9474,1.0137
0.956,1.011
0.9522,1.0131
0.961,1.0102
0.9639,1.0072
0.9607,1.0089
0.9699,1.0057
0.9798,0.9975
0.9711,0.999
0.9747,1.0004
0.9847,0.9968
0.9889,0.9932
0.9869,0.9944
1.0039,0.9857
0.9898,0.9917
1.0002,0.9927
1.0045,0.9937
1.0087,0.9947
1.0065,1.0005
1.0164,1.0014
1.0202,1.0023
1.0239,1.0032
1.0275,1.0041
1.031,1.005
1.0279,1.0108
1.0435,1.0068
1.0406,1.0078
1.0436,1.0087
1.0465,1.0098
1.0558,1.0059
1.0526,1.007
1.0618,1.0033
1.065,0.9996
1.0619,1.0009
1.0712,0.9974
1.0745,0.9939
1.0715,0.9954
1.0808,0.9921
1.0841,0.9889
1.081,0.9907
1.0903,0.9878
1.0871,0.9898
1.0833,0.9968
1.098,0.9941
1.094,0.9965
1.0958,0.999
1.0974,1.0016
1.1051,0.9995
1.1002,1.0023
1.1075,1.0005
1.1087,0.9988
1.1098,0.9972
1.1109,0.9958
1.1054,0.9994
1.1122,0.9983
1.1127,0.9973
1.1131,0.9965
1.1134,0.9958
1.1135,0.9954
1.1136,0.995
1.107,0.9997
1.1191,0.9948
1.1125,0.995
1.112,0.9953
1.1112,0.9957
1.1103,0.9964
1.1092,0.9972
1.1079,0.9981
1.1063,0.9992
1.1046,1.0004
1.1026,1.0018
1.1005,1.0034
1.098,1.0051
1.0953,1.0069
1.0924,1.0089
1.0892,1.011
1.0922,1.0083
1.0891,1.0058
1.0795,1.0083
1.0823,1.0061
1.0854,0.999
1.0698,1.0019
1.0726,1
1.0693,0.9982
1.0661,0.9965
1.0564,0.9997
1.0591,0.9982
1.0556,0.9968
1.0457,1.0003
1.0482,0.999
1.0445,0.9978
1.0344,1.0015
1.0366,1.0004
1.0199,1.0091
1.0342,1.0032
1.024,1.0022
1.0135,1.0061
1.0153,1.0052
1.0111,1.0043
1.007,1.0034
1.0029,1.0025
0.9989,1.0016
0.9949,1.0007
0.9911,0.9998
0.9873,0.9989
0.9837,0.9979
0.9802,0.997
0.9768,0.9959
0.9736,0.9949
0.964,0.9986
0.9733,0.9925
0.9645,0.9913
0.9619,0.99
0.953,0.9935
0.9502,0.9969
0.9473,1.0002
0.9507,0.9986
0.9418,1.0017
0.939,1.0048
0.9425,1.0028
0.9338,1.0057
0.9311,1.0084
0.9283,1.011
0.932,1.0085
0.9299,1.006
0.928,1.0033
0.9136,1.0103
0.924,1.0073
0.9225,1.0042
0.9214,1.001
0.9206,0.9976
0.9202,0.9941
0.9137,0.9953
0.9134,0.9963
0.9197,0.9923
0.9203,0.9882
0.9149,0.9888
0.9222,0.9843
0.9174,0.9846
0.9189,0.9847
0.9142,0.9895
0.9219,0.9893
0.9172,0.9938
0.925,0.9932
0.9204,0.9974
0.9218,1.0015
0.9232,1.0053
0.9309,1.0042
0.9263,1.0077
0.9277,1.0112
0.9291,1.0144
0.9303,1.0176
0.9379,1.0157
0.9397,1.0136
0.9416,1.0115
0.9438,1.0092
0.9463,1.0067
0.949,1.0042
0.9454,1.0064
0.9609,0.9987
0.9583,0.9958
0.962,0.9927
0.9596,0.9945
0.9633,0.9962
0.9734,0.9929
0.9712,0.9944
0.9815,0.9909
0.9732,0.9971
0.9831,0.9984
0.987,0.9996
0.9908,1.0007
0.9946,1.0018
0.9983,1.0028
1.0084,0.9989
1.0062,0.9999
1.0101,1.0008
1.0139,1.0018
1.0177,1.0027
1.0278,0.9987
1.0256,0.9995
1.0359,0.9955
1.0338,0.9964
1.0377,0.9974
1.048,0.9934
1.0459,0.9944
1.0498,0.9954
1.0601,0.9916
1.0579,0.9927
1.0618,0.9938
1.0654,0.995
1.069,0.9963
1.0723,0.9976
1.0755,0.9991
1.0785,1.0006
1.0748,1.0071
1.0832,1.0087
1.0917,1.0056
1.0877,1.0075
1.0959,1.0046
1.0917,1.0068
1.0997,1.0041
1.0951,1.0065
1.1093,0.9992
1.1051,0.9969
1.1006,0.9996
1.1083,0.9976
1.1098,0.9957
1.1048,0.9989
1.1121,0.9973
1.1132,0.9959
1.1013,1.0044
1.1203,0.9984
1.1147,0.9974
1.1087,1.0014
1.1148,1.0008
1.1146,1.0003
1.1079,1.0048
1.1068,1.0095
1.1117,1.0095
1.1168,1.0047
1.1159,1.0001
1.1086,1.0006
1.1138,0.9963
1.1064,0.9971
1.1114,0.9931
1.0975,0.9991
1.1082,0.9954
1.1003,0.9968
1.1048,0.9935
1.0967,0.9951
1.0946,0.997
1.0922,0.9989
1.0959,0.9961
1.0872,0.9984
1.0908,0.9959
1.0819,0.9984
1.0788,1.001
1.0754,1.0037
1.0783,1.0017
1.0686,1.0046
1.0711,1.0028
1.0612,1.006
1.057,1.0092
1.0591,1.0077
1.0614,1.0014
1.0451,1.0049
1.0472,1.0036
1.0432,1.0023
1.0392,1.0012
1.0289,1.005
1.0243,1.0088
1.0324,1.0029
1.0157,1.0068
1.0174,1.0058
1.0131,1.0049
1.0024,1.0089
1.0104,1.0031
1.0001,1.0022
0.996,1.0013
0.9985,0.9955
0.9823,0.9995
0.9911,0.9937
0.9816,0.9927
0.9784,0.9918
0.9752,0.9907
0.9723,0.9897
0.963,0.9934
0.9662,0.9923
0.957,0.9959
0.9602,0.9946
0.9575,0.9932
0.9486,0.9966
0.9457,1
0.9491,0.9983
0.9467,0.9966
0.9381,0.9997
0.9355,1.0026
0.9393,1.0006
0.9308,1.0033
0.9349,1.001
0.9266,1.0035
0.931,1.0009
0.9295,0.9983
0.9219,1.0003
0.9269,0.9974
0.9197,0.9992
0.9186,1.0009
0.9176,1.0024
0.9231,0.9989
0.9229,0.9952
0.9167,0.9962
0.9166,0.9972
0.9103,1.0028
0.9228,0.9985
0.917,0.9989
0.9175,0.9992
0.9117,1.0042
0.9247,0.9993
0.9196,0.9991
0.9207,0.9987
0.9156,1.0031
0.9229,1.0024
0.9308,0.9966
0.9202,1.0005
0.9217,1.0043
0.936,0.9981
0.9322,0.9966
0.9283,0.9999
0.9304,1.0031
0.9389,1.0012
0.9416,0.9991
0.938,1.0019
0.947,0.9996
0.9437,1.002
0.9464,1.0044
0.9556,1.0017
0.9524,1.0038
0.9553,1.0058
0.9647,1.0028
0.9617,1.0045
0.9713,1.0013
0.9686,1.0029
0.9719,1.0044
0.9817,1.0009
0.9856,0.9974
0.9834,0.9987
0.9872,0.9999
0.991,1.001
0.9947,1.0021
0.9984,1.0031
1.0021,1.0041
1.0121,1.0002
1.0098,1.0012
1.0136,1.0021
1.0173,1.003
1.0209,1.0039
1.0309,0.9999
1.035,0.9959
1.0329,0.9968
1.0368,0.9977
1.047,0.9937
1.0448,0.9947
1.0487,0.9957
1.0589,0.9919
1.0566,0.993
1.0604,0.9941
1.064,0.9953
1.061,1.0015
1.0766,0.9979
1.0736,0.9993
1.0765,1.0008
1.0792,1.0024
1.0817,1.0041
1.0775,1.0108
1.0918,1.0078
1.0938,1.0049
1.096,1.0021
1.0917,1.0043
1.0996,1.0018
1.1015,0.9993
1.1034,0.9971
1.1052,0.9949
1.107,0.9929
1.1089,0.991
1.1042,0.9941
1.1053,0.9974
1.1124,0.996
1.107,0.9996
1.1137,0.9984
1.1142,0.9974
1.1082,1.0015
1.1079,1.0057
1.1135,1.0052
1.113,1.0048
1.1122,1.0046
1.1114,1.0046
1.1167,0.9998
1.1097,1.0001
1.115,0.9957
1.1079,0.9963
1.1132,0.9921
1.1124,0.9882
1.1053,0.9892
1.1041,0.9904
1.1027,0.9918
1.1011,0.9933
1.0992,0.995
1.0972,0.9968
1.0948,0.9988
1.0923,1.0009
1.0895,1.0031
1.0864,1.0054
1.083,1.0079
1.0794,1.0105
1.0755,1.0133
1.0713,1.0161
1.0733,1.0142
1.0756,1.0074
1.0592,1.0106
1.0677,1.0041
1.0577,1.0025
1.0539,1.0011
1.0502,0.9997
1.0464,0.9984
1.0427,0.9972
1.0455,0.9911
1.0361,0.99
1.0264,0.9938
1.029,0.9928
1.0255,0.9918
1.0156,0.9957
1.0181,0.9948
1.0081,0.9988
1.0105,0.9979
1.0003,1.0019
1.0025,1.001
0.9922,1.005
0.9878,1.009
0.9897,1.008
0.9855,1.0071
0.9814,1.0061
0.971,1.01
0.973,1.0089
0.969,1.0078
0.9652,1.0066
0.9615,1.0054
0.9579,1.0041
0.9545,1.0027
0.9514,1.0013
0.9484,0.9997
0.952,0.9932
0.9372,0.9964
0.9345,0.9994
0.9447,0.9926
0.9304,0.9954
0.9346,0.9933
0.9331,0.991
0.9254,0.9935
0.9302,0.991
0.9228,0.9932
0.9216,0.9953
0.9269,0.9924
0.9135,0.9991
0.9185,1.0007
0.9175,1.0023
0.9165,1.0036
0.9157,1.0049
0.9149,1.0059
0.9142,1.0069
0.9201,1.0027
0.9138,1.0033
0.9138,1.0038
0.9203,0.9992
0.9212,0.9944
0.9226,0.9895
0.918,0.9893
0.9197,0.989
0.928,0.9836
0.9179,0.9878
0.9263,0.9869
0.9224,0.9908
0.931,0.9897
0.9273,0.9933
0.9232,1.0016
0.9377,1
0.9339,1.0032
0.936,1.0062
0.9317,1.014
0.9395,1.0167
0.9412,1.0193
0.9493,1.0169
0.9514,1.0143
0.9539,1.0117
0.9565,1.0089
0.9594,1.006
0.9562,1.0079
0.9719,0.9999
0.9695,0.9967
0.9734,0.9934
0.9777,0.99
0.9822,0.9866
0.9806,0.9879
0.9915,0.9843
0.9901,0.9855
0.9949,0.9866
0.9996,0.9877
0.9978,0.9937
1.0018,0.9996
1.012,1.0005
1.016,1.0015
1.0134,1.0073
1.0166,1.0131
1.0259,1.014
1.0289,1.0148
1.0383,1.0108
1.0353,1.0117
1.0448,1.0078
1.0418,1.0087
1.0513,1.0048
1.0549,1.0009
1.0586,0.9971
1.0561,0.9981
1.0659,0.9944
1.0698,0.9907
1.0674,0.992
1.0709,0.9933
1.0807,0.9898
1.078,0.9913
1.0813,0.9929
1.0844,0.9946
1.0872,0.9964
1.0899,0.9982
1.0922,1.0002
1.0879,1.0072
1.102,1.0045
1.091,1.0117
1.1045,1.0093
1.0994,1.0119
1.1,1.0146
1.1067,1.0126
1.1072,1.0107
1.1077,1.0089
1.1081,1.0073
1.1085,1.0059
1.1087,1.0046
1.1089,1.0034
1.1089,1.0024
1.1153,0.9967
1.1157,0.9911
1.1099,0.9906
1.1101,0.9902
1.1166,0.9851
1.1107,0.985
1.1107,0.9852
1.1107,0.9854
1.1104,0.9858
1.1036,0.9913
1.1088,0.9921
1.1077,0.993
1.1065,0.994
1.0986,1.0001
1.1027,1.0015
1.1005,1.003
1.0916,1.0095
1.0947,1.0113
1.0914,1.0133
1.0944,1.0105
1.0848,1.0127
1.0874,1.0101
1.084,1.0077
1.0742,1.0103
1.0831,1.0033
1.0736,1.0012
1.0703,0.9993
1.067,0.9974
1.0702,0.9908
1.0547,0.9941
1.0641,0.9876
1.0551,0.9861
1.0459,0.9896
1.0425,0.9932
1.0453,0.992
1.0356,0.9957
1.0318,0.9995
1.0342,0.9984
1.024,1.0022
1.0262,1.0013
1.0158,1.0052
1.0178,1.0043
1.0073,1.0082
1.0091,1.0073
1.0048,1.0065
1.0006,1.0056
0.9965,1.0047
0.9925,1.0038
0.995,0.998
0.9854,0.997
0.9755,1.0009
0.978,0.9999
0.9746,0.9988
0.9713,0.9977
0.9681,0.9966
0.9651,0.9953
0.9623,0.994
0.9597,0.9927
0.9508,0.9961
0.9544,0.9946
0.9457,0.9978
0.9494,0.9961
0.9409,0.9992
0.9383,1.0021
0.9358,1.005
0.9396,1.0028
0.9376,1.0006
0.9294,1.0031
0.9338,1.0006
0.9259,1.0028
0.9241,1.0049
0.9289,1.002
0.9278,0.9989
0.9206,1.0006
0.9261,0.9973
0.9193,0.9987
0.9188,0.9999
0.9183,1.001
0.918,1.0019
0.9242,0.9978
0.9182,0.9984
0.9185,0.9989
0.9125,1.0041
0.9254,0.9993
0.92,0.9993
0.9209,0.9991
0.922,0.9988
0.9233,0.9983
0.9183,1.0025
0.9258,1.0017
0.9273,1.0007
0.9291,0.9996
0.9246,1.0032
0.9327,1.0018
0.9284,1.0051
0.9366,1.0033
0.9324,1.0064
0.9343,1.0092
0.9426,1.0071
0.945,1.0048
0.9413,1.0073
0.95,1.0048
0.9529,1.0021
0.9496,1.0042
0.9588,1.0014
0.9557,1.0033
0.9652,1.0002
0.9688,0.997
0.9662,0.9986
0.9762,0.9952
0.9738,0.9966
0.9841,0.9931
0.982,0.9944
0.986,0.9956
0.99,0.9967
1.0004,0.9929
0.9985,0.994
0.9963,0.9999
1.0062,1.0008
1.0036,1.0067
1.0196,1.0027
1.0171,1.0036
1.0207,1.0045
1.0242,1.0054
1.0276,1.0063
1.0309,1.0072
1.0406,1.0032
1.0443,0.9992
1.0483,0.9953
1.0459,0.9963
1.0496,0.9974
1.0595,0.9936
1.0571,0.9947
1.0607,0.9959
1.064,0.9971
1.0673,0.9985
1.0703,0.9999
1.0796,0.9965
1.0764,0.9981
1.0792,0.9997
1.0817,1.0015
1.0905,0.9985
1.0867,1.0004
1.0823,1.0074
1.0964,1.0047
1.0983,1.0022
1.1002,0.9997
1.0892,1.0072
1.1091,1.0001
1.0981,1.003
1.1055,1.0011
1.1066,0.9993
1.1078,0.9977
1.1024,1.0011
1.1092,0.9998
1.1098,0.9986
1.1103,0.9976
1.1107,0.9967
1.111,0.996
1.1112,0.9955
1.1113,0.9951
1.1047,0.9998
1.1168,0.9948
1.1103,0.9949
1.1097,0.9952
1.109,0.9956
1.1146,0.9913
1.1013,0.9969
1.1061,0.9978
1.1111,0.9939
1.1036,0.9951
1.102,0.9965
1.1002,0.998
1.0982,0.9996
1.0959,1.0014
1.0934,1.0033
1.0906,1.0054
1.0876,1.0076
1.0843,1.0099
1.0807,1.0124
1.0833,1.0101
1.0798,1.0079
1.0698,1.0108
1.0722,1.0088
1.0684,1.007
1.0647,1.0052
1.0545,1.0085
1.063,1.002
1.0532,1.0005
1.0495,0.9991
1.0459,0.9978
1.0358,1.0015
1.0445,0.9954
1.0349,0.9943
1.0314,0.9932
1.0279,0.9922
1.0245,0.9912
1.0148,0.9951
1.0109,0.9991
1.0196,0.9933
1.0037,0.9973
1.0061,0.9964
0.9961,1.0004
0.992,1.0044
0.9877,1.0083
0.9896,1.0074
0.9855,1.0065
0.9815,1.0055
0.9712,1.0094
0.9733,1.0083
0.9629,1.0121
0.9714,1.006
0.9616,1.0048
0.9581,1.0035
0.9548,1.0022
0.9516,1.0007
0.9487,0.9992
0.9459,0.9976
0.9499,0.991
0.9289,0.9989
0.9452,0.9921
0.9373,0.9901
0.9294,0.9929
0.934,0.9906
0.9263,0.9931
0.9247,0.9955
0.9296,0.9929
0.9158,0.9999
0.9205,1.0018
0.9255,0.9988
0.9183,1.0005
0.9108,1.0069
0.9221,1.0034
0.9151,1.0047
0.9142,1.0058
0.92,1.0018
0.9135,1.0026
0.9133,1.0033
0.9197,0.9988
0.914,0.9991
0.9145,0.9993
0.9216,0.9944
0.9166,0.9942
0.9244,0.989
0.9201,0.9885
0.9222,0.9879
0.9179,0.992
0.9198,0.9959
0.928,0.9948
0.9238,0.9984
0.9322,0.997
0.9283,1.0003
0.9303,1.0035
0.9324,1.0065
0.9408,1.0045
0.9369,1.0073
0.9455,1.005
0.9418,1.0075
0.9506,1.005
0.9536,1.0023
0.9504,1.0045
0.9597,1.0016
0.9567,1.0035
0.9662,1.0004
0.9699,0.9972
0.9674,0.9988
0.9774,0.9955
0.9816,0.992
0.9796,0.9934
0.9838,0.9946
0.9878,0.9959
0.9855,1.0019
1.0018,0.9981
0.9996,0.9992
1.0036,1.0002
1.0075,1.0012
1.0049,1.007
1.0144,1.0079
1.0178,1.0088
1.0212,1.0097
1.0308,1.0057
1.0281,1.0066
1.0315,1.0075
1.0411,1.0035
1.0449,0.9996
1.0424,1.0005
1.0523,0.9966
1.0498,0.9977
1.0598,0.9939
1.0573,0.995
1.0608,0.9962
1.0642,0.9974
1.0738,0.9939
1.0711,0.9953
1.0742,0.9968
1.0771,0.9983
1.0799,1
1.0824,1.0017
1.0911,0.9987
1.0873,1.0007
1.0894,1.0027
1.0976,1
1.0934,1.0024
1.1014,0.9999
1.1032,0.9976
1.0986,1.0003
1.1063,0.9982
1.1014,1.0012
1.1087,0.9994
1.1098,0.9978
1.1044,1.0012
1.1112,0.9999
1.1118,0.9987
1.1059,1.0026
1.1121,1.0017
1.1121,1.001
1.1119,1.0004
1.1117,1
1.1113,0.9998
1.1107,0.9997
1.1035,1.0047
1.1149,1
1.1141,0.9955
1.1135,0.9912
1.1065,0.9919
1.1055,0.9928
1.1043,0.9938
1.1093,0.9901
1.1018,0.9915
1.1002,0.993
1.0984,0.9946
1.0964,0.9964
1.0877,1.0032
1.0975,1.0003
1.0821,1.0074
1.0914,1.0049
1.082,1.0073
1.0784,1.0099
1.0746,1.0126
1.0769,1.0105
1.0731,1.0086
1.0694,1.0067
1.0656,1.005
1.0619,1.0033
1.0581,1.0017
1.0544,1.0003
1.0572,0.994
1.0478,0.9927
1.0445,0.9914
1.0412,0.9902
1.038,0.9891
1.0349,0.988
1.0254,0.9919
1.0281,0.9909
1.0184,0.9948
1.0146,0.9987
1.0105,1.0027
1.0127,1.0018
1.0024,1.0058
1.0044,1.0049
1.0003,1.004
0.9899,1.008
0.9854,1.012
0.9872,1.011
0.9829,1.0101
0.9787,1.0091
0.9746,1.008
0.9643,1.0118
0.9663,1.0106
0.9623,1.0094
0.965,1.0032
0.9555,1.0019
0.9523,1.0004
0.9494,0.9989
0.9466,0.9973
0.9441,0.9956
0.9418,0.9938
0.9333,0.9968
0.9437,0.9899
0.9296,0.9926
0.9277,0.9953
0.9258,0.9978
0.9239,1.0002
2.2425,1.0025
1.0522,1.0046
1.0813,1.031
1.1217,1.072
1.1409,1.1421
1.2069,1.2023
1.2392,1.277
1.2995,1.3418
1.3448,1.4065
1.4002,1.4612
1.441,1.5158
1.4987,1.5555
1.5429,1.5902
1.586,1.6199
1.6283,1.6445
1.6699,1.664
1.7048,1.6834
1.7453,1.6978
1.7663,1.7217
1.8049,1.7406
1.8235,1.7692
1.8529,1.7975
1.8741,1.8307
1.8995,1.8636
1.9164,1.9013
1.9434,1.934
1.9492,1.9763
1.9709,2.0135
1.9902,2.0457
2.0074,2.0729
2.0163,2.1
2.0294,2.1221
2.0279,2.1489
2.056,2.156
2.0649,2.1582
2.0667,2.1602
2.074,2.1572
2.081,2.1492
2.088,2.1363
2.0823,2.1281
2.0824,2.1199
2.0822,2.1115
2.088,2.0982
2.0813,2.0897
2.0804,2.0812
2.0791,2.0726
2.0711,2.0688
2.0622,2.0699
2.065,2.066
2.0547,2.067
2.0496,2.0679
2.0436,2.0688
2.0367,2.0697
2.0355,2.0657
2.0276,2.0617
2.0256,2.0529
2.0173,2.044
2.0152,2.0302
2.0007,2.0214
1.9986,2.0077
1.9971,1.9891
1.9899,1.9706
1.9833,1.9521
1.9773,1.9337
1.9719,1.9153
1.9543,1.9068
1.9619,1.8886
1.9581,1.8704
1.9422,1.8621
1.9387,1.8539
1.9355,1.8458
1.9197,1.8475
1.9287,1.8396
1.9258,1.8318
1.9104,1.8339
1.9134,1.8311
1.9104,1.8286
1.9075,1.8261
1.8983,1.8287
1.9079,1.8216
1.8993,1.8195
1.897,1.8176
1.9014,1.8109
1.9001,1.8044
1.8994,1.798
1.9057,1.7869
1.9003,1.7808
1.9016,1.7749
1.8971,1.774
1.9054,1.7684
1.9083,1.7629
1.9119,1.7576
1.9098,1.7574
1.9141,1.7573
1.9124,1.7622
1.9104,1.7722
1.9208,1.7775
1.9188,1.7878
1.9291,1.7934
1.9269,1.8041
1.9306,1.8149
1.9405,1.8209
1.9379,1.832
1.9476,1.8384
1.9512,1.8449
1.9548,1.8516
1.9649,1.8535
1.9626,1.8604
1.973,1.8626
1.9774,1.8649
1.9757,1.8722
1.9865,1.8748
1.9915,1.8775
1.9966,1.8803
1.9956,1.8881
2.0006,1.896
2.0054,1.904
2.0102,1.9121
2.0148,1.9203
2.0193,1.9286
2.0171,1.9419
2.027,1.9503
2.0306,1.9589
2.0275,1.9723
2.0364,1.981
2.0389,1.9897
2.0347,2.0033
2.0488,2.0072
2.0507,2.0111
2.0525,2.015
2.0478,2.0239
2.0553,2.0279
2.0565,2.0319
2.0576,2.0359
2.0586,2.0399
2.0595,2.0439
2.0602,2.0478
2.0608,2.0518
2.0547,2.0606
2.0607,2.0645
2.0604,2.0683
2.0599,2.0721
2.0527,2.0807
2.0511,2.0893
2.0489,2.0978
2.0527,2.1013
2.0565,2.0999
2.0414,2.1081
2.0507,2.1065
2.0415,2.1097
2.038,2.1128
2.0407,2.1109
2.0373,2.1089
2.0404,2.1019
2.0312,2.0997
2.0282,2.0973
2.0252,2.0948
2.0223,2.0922
2.0194,2.0895
2.0166,2.0866
2.0138,2.0836
2.0047,2.0853
2.0015,2.0868
2.0045,2.0834
1.9951,2.0847
1.9916,2.0858
1.9944,2.0819
1.9847,2.0827
1.981,2.0833
1.9835,2.0789
1.9801,2.0744
1.9705,2.0746
1.9732,2.0697
1.9701,2.0647
1.9607,2.0644
1.9637,2.059
1.9609,2.0535
1.9584,2.0478
1.9561,2.042
1.9541,2.036
1.946,2.0348
1.9504,2.0285
1.9491,2.0221
1.9481,2.0155
1.9475,2.0088
1.9409,2.0068
1.9404,2.0047
1.9337,2.0073
1.9457,2.0001
1.9396,1.9976
1.9397,1.9949
1.94,1.9922
1.9404,1.9893
1.9411,1.9864
1.9419,1.9833
1.9495,1.9753
1.945,1.972
1.9468,1.9686
1.9425,1.9701
1.9506,1.9666
1.953,1.963
1.9491,1.9642
1.9514,1.9654
1.9601,1.9616
1.9565,1.9626
1.959,1.9637
1.968,1.9597
1.9647,1.9607
1.9675,1.9616
1.9767,1.9576
1.9802,1.9536
1.9775,1.9545
1.9874,1.9505
1.9915,1.9465
1.9958,1.9426
1.9941,1.9435
1.9985,1.9445
2.0029,1.9454
2.0137,1.9416
2.0188,1.9378
2.0176,1.9389
2.0162,1.945
2.027,1.9462
2.0317,1.9475
2.0363,1.9489
2.0409,1.9504
2.0454,1.9519
2.0499,1.9536
2.0479,1.9602
2.058,1.962
2.0554,1.9689
2.0715,1.966
2.0691,1.9682
2.0726,1.9705
2.0759,1.9729
2.0791,1.9755
2.0821,1.9781
2.0913,1.9761
2.0945,1.9741
2.0914,1.9772
2.1005,1.9756
2.0972,1.979
2.1061,1.9776
2.1026,1.9813
2.0983,1.99
2.119,1.9842
2.1087,1.9884
2.1102,1.9927
2.1114,1.9971
2.1187,1.9969
2.1134,2.0017
2.1202,2.0017
2.1143,2.0068
2.1141,2.0121
2.12,2.0126
2.1195,2.0133
2.1253,2.0093
2.1187,2.0103
2.118,2.0114
2.1171,2.0128
2.1095,2.0191
2.1204,2.0158
2.1127,2.0176
2.1173,2.0146
2.1094,2.0166
2.1073,2.0188
2.105,2.0211
2.1089,2.0187
2.1066,2.0163
2.098,2.019
2.1016,2.0169
2.0926,2.0198
2.0959,2.018
2.0931,2.0162
2.0838,2.0194
2.0868,2.0178
2.0772,2.0212
2.0798,2.0198
2.0699,2.0234
2.0722,2.0221
2.0684,2.0209
2.0582,2.0246
2.0601,2.0236
2.0495,2.0274
2.0511,2.0264
2.0402,2.0303
2.0414,2.0294
2.0366,2.0285
2.0318,2.0276
2.0269,2.0267
2.022,2.0258
2.0107,2.0298
2.0182,2.024
2.0072,2.0231
2.0089,2.0173
1.9854,2.0261
1.9991,2.0202
1.9948,2.0142
1.9909,2.0083
1.9809,2.0071
1.9771,2.0059
1.9734,2.0046
1.9634,2.0082
1.9659,2.0067
1.9623,2.0052
1.9589,2.0036
1.9493,2.0068
1.952,2.0051
1.9424,2.0081
1.9389,2.0109
1.9417,2.0088
1.9321,2.0115
1.9351,2.0091
1.9257,2.0116
1.9288,2.0089
1.9197,2.0111
1.9231,2.0082
1.9207,2.0052
1.9186,2.0021
1.9168,1.9987
1.9154,1.9953
1.9078,1.9966
1.9194,1.9879
1.913,1.984
1.9131,1.98
1.9072,1.9806
1.914,1.9763
1.9087,1.9766
1.9097,1.9768
1.9044,1.9817
1.9116,1.9816
1.9064,1.9862
1.9137,1.9857
1.9086,1.99
1.9096,1.9941
1.9104,1.9981
1.9177,1.997
1.9126,2.0007
1.92,1.9993
1.9151,2.0027
1.9162,2.0059
1.9302,1.9992
1.9261,1.9972
1.9348,1.9902
1.9379,1.9831
1.9287,1.9856
1.9447,1.9782
1.9426,1.9756
1.9469,1.9729
1.9451,1.9749
1.9494,1.9768
1.9538,1.9787
1.9581,1.9804
1.9625,1.982
1.9605,1.9884
1.9708,1.9899
1.9684,1.9962
1.9784,1.9975
1.9758,2.0036
1.9919,1.9999
1.9896,2.001
1.9934,2.002
2.0036,1.9982
2.0079,1.9943
2.0061,1.9952
2.0168,1.9913
2.0153,1.9922
2.0262,1.9882
2.0248,1.9891
2.0295,1.99
2.0406,1.986
2.0394,1.9869
2.0378,1.9927
2.0484,1.9936
2.0527,1.9946
2.0505,2.0005
2.054,2.0065
2.0635,2.0076
2.0668,2.0088
2.0764,2.0051
2.0735,2.0064
2.0765,2.0078
2.0794,2.0093
2.0885,2.0059
2.0916,2.0027
2.0883,2.0044
2.0973,2.0014
2.1003,1.9984
2.0969,2.0005
2.1058,1.9977
2.1086,1.9951
2.105,1.9976
2.1136,1.9952
2.1097,1.9979
2.1116,2.0007
2.1132,2.0036
2.1208,2.0018
2.1159,2.005
2.1167,2.0084
2.1236,2.007
2.1178,2.0107
2.1241,2.0096
2.1243,2.0087
2.1178,2.0129
2.1235,2.0123
2.1229,2.0118
2.1221,2.0116
2.1211,2.0114
2.1135,2.0164
2.118,2.0166
2.1226,2.0121
2.1083,2.0175
2.1186,2.0133
2.1102,2.0141
2.1142,2.0102
2.1057,2.0113
2.1095,2.0078
2.1072,2.0043
2.0985,2.0059
2.0957,2.0077
2.1055,1.9998
2.097,1.9969
2.0946,1.9942
2.0859,1.9965
2.0894,1.994
2.0804,1.9966
2.0837,1.9944
2.0809,1.9922
2.0717,1.9951
2.0747,1.9933
2.0653,1.9964
2.0617,1.9996
2.0578,2.0029
2.0536,2.0063
2.0556,2.0049
2.0451,2.0084
2.0468,2.0071
2.0424,2.0059
2.0381,2.0048
2.0338,2.0037
2.0295,2.0027
2.0252,2.0017
2.021,2.0007
2.0169,1.9998
2.0128,1.9988
2.0087,1.9979
2.0047,1.997
2.0008,1.9962
1.997,1.9953
1.9933,1.9944
1.9897,1.9934
1.9862,1.9925
1.9764,1.9964
1.979,1.9954
1.9691,1.9993
1.9716,1.9982
1.9682,1.997
1.965,1.9958
1.9554,1.9995
1.9584,1.9981
1.9553,1.9967
1.9461,2.0001
1.9493,1.9985
1.9466,1.9968
1.9442,1.995
1.9355,1.998
1.9394,1.9961
1.9309,1.9988
1.935,1.9966
1.9333,1.9943
1.9255,1.9967
1.9302,1.9941
1.9226,1.9963
1.9277,1.9934
1.9205,1.9953
1.9196,1.997
1.9186,1.9986
1.9243,1.9952
1.9177,1.9965
1.9109,2.0025
1.9229,1.9986
1.9166,1.9995
1.9102,2.005
1.9225,2.0007
1.9167,2.001
1.9235,1.9963
1.9183,1.9964
1.9129,2.0011
1.9263,1.996
1.9087,2.0053
1.9284,1.9998
1.9238,1.9991
1.9254,1.9982
1.9274,1.9971
1.923,2.0008
1.9248,2.0043
1.9329,2.0028
1.9286,2.006
1.9305,2.0091
1.9387,2.0071
1.941,2.005
1.9372,2.0077
1.9458,2.0054
1.9487,2.0029
1.9453,2.0052
1.9608,1.9975
1.9583,1.9947
1.9622,1.9917
1.9599,1.9936
1.9701,1.9904
1.9681,1.9921
1.9722,1.9936
1.9763,1.9951
1.9867,1.9916
1.985,1.9929
1.9893,1.9941
1.9935,1.9953
1.9914,2.0013
2.0078,1.9975
1.9995,2.0034
2.0094,2.0044
2.0067,2.0102
2.0162,2.0111
2.026,2.0072
2.0299,2.0032
2.0275,2.004
2.0377,2
2.0354,2.0009
2.0457,1.997
2.0435,1.9979
2.0539,1.9939
2.0518,1.9949
2.0558,1.996
2.0596,1.997
2.0632,1.9981
2.0668,1.9993
2.0766,1.9957
2.074,1.997
2.0773,1.9983
2.0804,1.9998
2.0833,2.0013
2.0732,2.0127
2.1002,2.0047
2.0902,2.0065
2.0986,2.0035
2.0881,2.0105
2.1021,2.0077
2.0974,2.01
2.1114,2.0026
2.1007,2.0052
2.1082,2.0029
2.1097,2.0008
2.1046,2.0038
2.1053,2.0068
2.1185,2.0003
2.1133,1.9987
2.1142,1.9974
2.1085,2.001
2.1149,1.9999
2.1087,2.0039
2.1212,1.9983
2.1151,1.9976
2.1149,1.9972
2.1147,1.9969
2.1143,1.9968
2.1072,2.0017
2.1188,1.997
2.1117,1.9974
2.1106,1.9979
2.1158,1.9936
2.1085,1.9945
2.1071,1.9955
2.1055,1.9966
2.1102,1.993
2.1023,1.9944
2.1004,1.996
2.0982,1.9977
2.0958,1.9996
2.0802,2.0114
2.1018,2.0038
2.0864,2.0061
2.0893,2.0036
2.0733,2.011
2.0819,2.0088
2.0782,2.0067
2.0681,2.0096
2.0703,2.0077
2.0729,2.001
2.0631,1.9993
2.0596,1.9977
2.056,1.9962
2.0525,1.9948
2.0491,1.9935
2.0456,1.9922
2.0423,1.991
2.0325,1.9947
2.035,1.9936
2.0315,1.9926
2.0216,1.9965
2.024,1.9955
2.0203,1.9946
2.0103,1.9985
2.0062,2.0025
2.0082,2.0016
2.0043,2.0007
1.994,2.0047
1.996,2.0038
1.9856,2.0078
1.981,2.0117
1.9892,2.0059
1.9791,2.0049
1.9753,2.0039
1.9716,2.0028
1.968,2.0016
1.9646,2.0004
1.9613,1.9992
1.9583,1.9978
1.9618,1.9915
1.9469,1.9949
1.9505,1.9933
1.9418,1.9966
1.9456,1.9948
1.9436,1.9929
1.9353,1.9958
1.9332,1.9986
1.931,2.0013
1.9288,2.0039
1.933,2.0014
1.925,2.0037
1.923,2.0059
1.9276,2.003
1.9199,2.0049
1.9184,2.0067
1.9234,2.0034
1.9162,2.0049
1.9216,2.0013
1.9148,2.0024
1.9207,1.9986
1.9145,1.9994
1.9209,1.9952
1.9216,1.9908
1.9164,1.9912
1.9174,1.9914
1.9186,1.9915
1.9199,1.9914
1.9215,1.9911
1.9232,1.9907
1.9252,1.9901
1.9273,1.9894
1.9232,1.9934
1.9188,2.0021
1.9265,2.0058
1.9409,1.9995
1.9307,2.0029
1.9327,2.0061
1.941,2.0043
1.9371,2.0073
1.9391,2.0101
1.9412,2.0128
1.956,2.0055
1.9528,2.0031
1.9559,2.0005
1.9593,1.9978
1.9564,1.9998
1.9726,1.992
1.9707,1.9889
1.9687,1.9907
1.9792,1.9874
1.9775,1.989
1.9819,1.9905
1.9863,1.9918
1.9906,1.9932
1.9885,1.9993
1.9986,2.0005
2.0025,2.0016
1.9935,2.0124
2.009,2.0135
2.0122,2.0144
2.0153,2.0154
2.0183,2.0163
2.0212,2.0172
2.024,2.0181
2.0332,2.0141
2.03,2.015
2.0457,2.0061
2.0432,2.0022
2.047,1.9982
2.051,1.9943
2.0487,1.9952
2.0588,1.9914
2.0566,1.9924
2.0668,1.9887
2.0581,1.9947
2.0741,1.9911
2.0716,1.9923
2.0686,1.9986
2.0841,1.9952
2.081,1.9967
2.0774,2.0032
2.0858,2.0049
2.0943,2.0019
2.0904,2.0038
2.0922,2.0058
2.1003,2.0031
2.0958,2.0053
2.1036,2.0028
2.0988,2.0053
2.1062,2.0031
2.1075,2.001
2.1088,1.999
2.1101,1.9972
2.1113,1.9955
2.106,1.9988
2.1129,1.9975
2.1136,1.9962
2.1077,2
2.1205,1.9942
2.1148,1.9934
2.1086,1.9977
2.1211,1.9923
2.115,1.992
2.1085,1.9968
2.114,1.9968
2.1133,1.997
2.1125,1.9973
2.1114,1.9978
2.1102,1.9985
2.1152,1.9944
2.1078,1.9954
2.1062,1.9965
2.1045,1.9978
2.1025,1.9992
2.1003,2.0008
2.1043,1.9976
2.0959,1.9995
2.0932,2.0015
2.0904,2.0036
2.0873,2.0059
2.0903,2.0034
2.0809,2.0059
2.0837,2.0037
2.074,2.0065
2.0701,2.0093
2.0788,2.0026
2.0628,2.0057
2.0651,2.004
2.0614,2.0024
2.0576,2.0008
2.0475,2.0043
2.0496,2.003
2.0457,2.0017
2.0418,2.0005
2.0379,1.9993
2.0341,1.9982
2.0238,2.002
2.0259,2.001
2.0284,1.9952
2.0186,1.9942
2.0086,1.9982
2.0109,1.9973
2.0072,1.9964
2.0036,1.9955
1.9936,1.9995
1.996,1.9986
1.9923,1.9977
1.9824,2.0017
1.9848,2.0007
1.9812,1.9997
1.9777,1.9987
1.9744,1.9976
1.9648,2.0013
1.9612,2.005
1.9638,2.0038
1.9606,2.0024
1.951,2.0059
1.9539,2.0044
1.9509,2.0029
1.9481,2.0012
1.9456,1.9994
1.9368,2.0025
1.9405,2.0005
1.9384,1.9984
1.9365,1.9962
1.935,1.9939
1.9337,1.9914
1.9263,1.9938
1.9314,1.991
1.9308,1.9882
1.9177,1.995
1.9229,1.9968
1.9286,1.9935
1.9092,2.0047
1.9334,1.9963
1.921,1.9975
1.9208,1.9985
1.9143,2.0042
1.9202,2.0049
1.9202,2.0055
1.9202,2.0059
1.9204,2.0061
1.9207,2.0062
1.9276,2.0012
1.9224,2.0009
1.9235,2.0005
1.9313,1.9951
1.927,1.9943
1.929,1.9934
1.9312,1.9924
1.9272,1.9961
1.9292,1.9996
1.9376,1.9981
1.9337,2.0014
1.9358,2.0045
1.9379,2.0075
1.9399,2.0103
1.9483,2.0081
1.9444,2.0106
1.953,2.0082
1.9557,2.0056
1.9587,2.0029
1.9555,2.0049
1.9648,2.002
1.9682,1.999
1.9719,1.9958
1.9759,1.9926
1.9738,1.9941
1.9777,1.9956
1.988,1.9921
1.986,1.9934
1.9902,1.9947
1.9943,1.9959
1.9984,1.997
2.0024,1.9981
1.9999,2.004
2.0161,2.0001
2.0139,2.0011
2.0177,2.002
2.0215,2.0029
2.0252,2.0038
2.0288,2.0047
2.0387,2.0007
2.0363,2.0016
2.04,2.0025
2.0499,1.9985
2.0475,1.9995
2.0511,2.0004
2.0545,2.0015
2.0643,1.9976
2.0617,1.9987
2.065,1.9999
2.0746,1.9962
2.0718,1.9975
2.0749,1.9989
2.0778,2.0003
2.0806,2.0018
2.0831,2.0035
2.0918,2.0003
2.0881,2.0021
2.0902,2.004
2.0985,2.0011
2.0943,2.0033
2.1024,2.0006
2.0979,2.003
2.1057,2.0006
2.1009,2.0033
2.1084,2.0012
2.1097,1.9992
2.1109,1.9973
2.1057,2.0005
2.1063,2.0039
2.1129,2.0025
2.1197,1.9963
2.1078,2.0001
2.1206,1.9943
2.1085,1.9984
2.1146,1.9977
2.108,2.0021
2.12,1.9969
2.1071,2.0017
2.1123,2.0017
2.1113,2.0019
2.1101,2.0022
2.1087,2.0027
2.1136,1.9984
2.106,1.9992
2.1108,1.9953
2.1031,1.9964
2.1013,1.9977
2.0993,1.9991
2.0971,2.0006
2.1011,1.9975
2.099,1.9944
2.0906,1.9964
2.088,1.9985
2.0851,2.0008
2.082,2.0032
2.0852,2.0008
2.0757,2.0035
2.0722,2.0062
2.0683,2.0091
2.0771,2.0023
2.061,2.0054
2.0634,2.0037
2.0597,2.0021
2.056,2.0006
2.0524,1.9991
2.0487,1.9978
2.0451,1.9965
2.0416,1.9953
2.0381,1.9941
2.0346,1.993
2.0312,1.992
2.0279,1.991
2.0182,1.9949
2.0208,1.9939
2.0174,1.993
2.0076,1.997
2.0101,1.9961
2.0066,1.9952
1.9903,2.0041
2.0051,1.9983
1.989,2.0023
1.9915,2.0013
1.9814,2.0053
1.9838,2.0043
1.9737,2.0081
1.976,2.0071
1.9723,2.0059
1.9623,2.0096
1.9648,2.0084
1.9613,2.007
1.9579,2.0056
1.9547,2.0042
1.9518,2.0026
1.949,2.0009
1.9465,1.9992
1.9442,1.9973
1.9421,1.9954
1.9339,1.9982
1.9382,1.996
1.9366,1.9937
1.9289,1.9961
1.9273,1.9985
1.9258,2.0007
1.9307,1.9978
1.9233,1.9997
1.9222,2.0015
1.9211,2.0031
1.92,2.0046
1.919,2.006
1.9181,2.0071
1.9173,2.0082
1.923,2.0042
1.9165,2.0049
1.9228,2.0006
1.9169,2.001
1.9172,2.0012
1.9242,1.9964
1.919,1.9963
1.9202,1.9961
1.928,1.9908
1.9172,1.9951
1.925,1.9944
1.927,1.9935
1.9291,1.9925
1.9315,1.9913
1.9276,1.9949
1.9298,1.9983
1.932,2.0015
1.9341,2.0046
1.9425,2.0027
1.9387,2.0056
1.9409,2.0082
1.9431,2.0108
1.9452,2.0132
1.9601,2.0058
1.9569,2.0031
1.9537,2.0052
1.9565,2.0071
1.9721,1.9992
1.9697,1.9961
1.9672,1.9977
1.9772,1.9944
1.9814,1.991
1.9794,1.9924
1.99,1.9888
1.9818,1.995
1.9984,1.9913
1.9967,1.9924
1.9945,1.9984
2.0111,1.9945
2.0092,1.9955
2.0069,2.0014
2.0169,2.0023
2.0206,2.0032
2.0243,2.0041
2.0279,2.005
2.0314,2.0059
2.0349,2.0068
2.0382,2.0077
2.0479,2.0037
2.0451,2.0047
2.0484,2.0056
2.058,2.0018
2.0552,2.0028
2.0648,1.999
2.0619,2.0002
2.0651,2.0014
2.0745,1.9978
2.0715,1.9992
2.0808,1.9957
2.0842,1.9923
2.0811,1.9939
2.084,1.9956
2.0803,2.0023
2.095,1.9994
2.0975,1.9965
2.0936,1.9986
2.0956,2.0008
2.0972,2.0032
2.1051,2.0008
2.1003,2.0034
2.1079,2.0013
2.1092,1.9993
2.1106,1.9975
2.1118,1.9958
2.1131,1.9942
2.1078,1.9977
2.1147,1.9964
2.1154,1.9953
2.1161,1.9943
2.1166,1.9935
2.117,1.9929
2.1173,1.9924
2.1175,1.9921
2.111,1.9968
2.1232,1.9919
2.1168,1.9921
2.1164,1.9924
2.1158,1.9928
2.115,1.9935
2.1076,1.9991
2.1058,2.005
2.1164,2.0012
2.1148,1.9976
2.1069,1.999
2.1048,2.0005
2.1025,2.0022
2.1,2.004
2.1036,2.0011
2.0948,2.0033
2.0917,2.0055
2.0885,2.0079
2.0849,2.0104
2.0811,2.013
2.0834,2.0109
2.0732,2.0138
2.0753,2.0119
2.0712,2.01
2.0672,2.0083
2.0631,2.0067
2.0591,2.0052
2.0551,2.0038
2.0576,1.9975
2.0478,1.9962
2.0442,1.995
2.0406,1.9938
2.0371,1.9927
2.0336,1.9917
2.0237,1.9955
2.0262,1.9946
2.0161,1.9985
2.0184,1.9976
2.0082,2.0016
2.0103,2.0007
2.0064,1.9998
1.9961,2.0038
1.9982,2.0029
1.9877,2.0068
1.9961,2.001
1.9863,2.0001
1.9762,2.004
1.9785,2.0029
1.9748,2.0019
1.9712,2.0007
1.9743,1.9947
1.9653,1.9934
1.9625,1.9921
1.9535,1.9956
1.957,1.9941
1.9481,1.9975
1.9517,1.9958
1.9494,1.9941
1.9409,1.9971
1.9385,2
1.936,2.0029
1.94,2.0007
1.9316,2.0033
1.9359,2.0008
1.9278,2.0032
1.9323,2.0005
1.931,1.9977
1.9237,1.9996
1.9224,2.0014
1.9277,1.9981
1.9207,1.9996
1.9135,2.0059
1.9251,2.0022
1.9185,2.0032
1.9244,1.9992
1.9183,1.9999
1.9183,2.0005
1.9185,2.0009
1.9189,2.0012
1.9129,2.0062
1.9258,2.0012
1.927,1.9961
1.9222,1.9957
1.9237,1.9952
1.9254,1.9945
1.9208,1.9985
1.9288,1.9975
1.9243,2.0012
1.9324,1.9999
1.9282,2.0033
1.9364,2.0017
1.9323,2.0048
1.9343,2.0078
1.9426,2.0057
1.9451,2.0035
1.9414,2.0061
1.9502,2.0037
1.9467,2.006
1.9557,2.0033
1.9524,2.0054
1.9617,2.0025
1.9651,1.9995
1.9623,2.0012
1.9656,2.0029
1.9753,1.9996
1.9727,2.0011
1.9827,1.9976
1.9804,1.9989
1.9841,2.0002
1.9879,2.0014
1.998,1.9976
1.9894,2.0036
2.012,1.9948
2.0039,1.9958
2.0081,1.9968
2.0186,1.9928
2.0103,1.9986
2.0269,1.9947
2.0249,1.9955
2.0355,1.9915
2.0338,1.9924
2.038,1.9933
2.0358,1.9991
2.0521,1.9952
2.05,1.9962
2.0538,1.9972
2.0576,1.9982
2.0612,1.9993
2.0711,1.9956
2.0686,1.9968
2.072,1.9981
2.0753,1.9994
2.0784,2.0009
2.0812,2.0024
2.0839,2.004
2.0928,2.0008
2.0892,2.0026
2.098,1.9996
2.0942,2.0016
2.1027,1.9988
2.0987,2.0011
2.1005,2.0034
2.1085,2.001
2.1039,2.0036
2.1115,2.0015
2.1065,2.0044
2.1138,2.0025
2.1085,2.0057
2.1153,2.0041
2.116,2.0027
2.1101,2.0063
2.1164,2.0051
2.1164,2.0042
2.1164,2.0034
2.1162,2.0027
2.1223,1.9973
2.1225,1.9921
2.1164,1.9919
2.1162,1.9919
2.1159,1.992
2.1154,1.9923
2.1148,1.9928
2.114,1.9934
2.113,1.9942
2.1117,1.9951
2.1103,1.9962
2.1087,1.9974
2.1068,1.9988
2.1048,2.0004
2.1024,2.0021
2.0999,2.0039
2.0971,2.0059
2.094,2.008
2.0906,2.0102
2.087,2.0126
2.0895,2.0102
2.086,2.0079
2.076,2.0107
2.0783,2.0086
2.0745,2.0067
2.0707,2.0049
2.0669,2.0032
2.0696,1.9967
2.0536,2
2.0624,1.9937
2.0529,1.9923
2.0496,1.991
2.0463,1.9898
2.0366,1.9935
2.0392,1.9924
2.0293,1.9962
2.0317,1.9952
2.0216,1.9991
2.0174,2.0031
2.0194,2.0021
2.0089,2.0061
2.0107,2.0052
2.0064,2.0043
2.0023,2.0035
1.9982,2.0026
1.9878,2.0065
1.9832,2.0105
1.9914,2.0047
1.9813,2.0037
1.9774,2.0026
1.9737,2.0016
1.9701,2.0004
1.9667,1.9993
1.9634,1.998
1.9603,1.9967
1.9574,1.9953
1.9547,1.9939
1.9522,1.9923
1.9434,1.9955
1.9472,1.9938
1.9386,1.9969
1.9426,1.9949
1.9343,1.9977
1.9385,1.9956
1.9304,1.9982
1.9284,2.0006
1.9264,2.003
1.9309,2.0003
1.9232,2.0024
1.9216,2.0043
1.9265,2.0012
1.9191,2.0029
1.918,2.0044
1.9169,2.0058
1.9223,2.0021
1.9156,2.0031
1.9151,2.004
1.9211,1.9999
1.9215,1.9956
1.9094,2.0009
1.9223,1.9963
1.9234,1.9915
1.9185,1.9914
1.9135,1.9961
1.9274,1.9909
1.9231,1.9903
1.9251,1.9896
1.9209,1.9937
1.9227,1.9976
1.9245,2.0013
1.9326,2
1.9284,2.0034
1.9303,2.0067
1.932,2.0098
1.9402,2.0079
1.936,2.0108
1.9444,2.0086
1.9469,2.0063
1.9431,2.0088
1.9519,2.0062
1.9549,2.0035
1.9516,2.0056
1.9673,1.9978
1.965,1.9948
1.9625,1.9966
1.9726,1.9934
1.9704,1.9949
1.9743,1.9964
1.9847,1.993
1.9827,1.9943
1.9869,1.9956
1.991,1.9968
1.9951,1.9979
1.9927,2.0039
2.009,2
2.0004,2.0059
2.0101,2.0069
2.0201,2.0029
2.0177,2.0038
2.015,2.0096
2.0309,2.0056
2.0347,2.0016
2.0324,2.0025
2.0425,1.9985
2.0402,1.9995
2.0439,2.0004
2.054,1.9965
2.0517,1.9975
2.0618,1.9936
2.0595,1.9947
2.0632,1.9959
2.0668,1.9971
2.0637,2.0033
2.0792,1.9997
2.0761,2.0011
2.0725,2.0075
2.0873,2.0042
2.0836,2.0059
2.0857,2.0077
2.0941,2.0047
2.0899,2.0067
2.098,2.0039
2.0936,2.0062
2.1014,2.0036
2.1032,2.0012
2.1049,1.9989
2.1131,1.9919
2.1025,1.9947
2.1103,1.9929
2.1054,1.996
2.1193,1.9895
2.1082,1.993
2.109,1.9966
2.1159,1.9955
2.1102,1.9994
2.1101,2.0034
2.1096,2.0076
2.1216,2.0022
2.1151,2.0019
2.1145,2.0017
2.1137,2.0017
2.1128,2.0018
2.1118,2.0021
2.1105,2.0025
2.1155,1.9982
2.108,1.999
2.1129,1.995
2.1053,1.9961
2.1036,1.9973
2.1082,1.9938
2.1067,1.9905
2.0988,1.9922
2.0968,1.994
2.0946,1.9959
2.0792,2.0078
2.0946,2.0051
2.0916,2.0026
2.0822,2.0051
2.0787,2.0077
2.0814,2.0056
2.0779,2.0035
2.0745,2.0016
2.0646,2.0047
2.0606,2.0078
2.0627,2.0062
2.0588,2.0047
2.0549,2.0032
2.051,2.0018
2.0471,2.0005
2.0432,1.9993
2.0394,1.9981
2.0356,1.997
2.0319,1.9959
2.0282,1.9949
2.0246,1.9939
2.0145,1.9979
2.0169,1.9969
2.0131,1.996
2.003,2
2.0052,1.9991
2.0014,1.9982
1.9977,1.9973
1.9877,2.0013
1.99,2.0004
1.9863,1.9995
1.9763,2.0034
1.9786,2.0023
1.975,2.0013
1.9715,2.0001
1.9553,2.0087
1.9638,2.0075
1.9666,2.0013
1.9638,1.995
1.9551,1.9936
1.9526,1.992
1.944,1.9953
1.9413,1.9984
1.9451,1.9966
1.943,1.9947
1.9348,1.9975
1.9325,2.0002
1.9303,2.0029
1.9281,2.0053
1.9259,2.0077
1.9301,2.005
1.922,2.0071
1.9266,2.0042
1.9189,2.006
1.9238,2.0028
1.9165,2.0043
1.9219,2.0008
1.915,2.002
1.9144,2.0031
1.9203,1.9991
1.9205,1.9949
1.9147,1.9955
1.9151,1.996
1.9222,1.9914
1.9171,1.9915
1.9183,1.9914
1.9262,1.9864
1.9155,1.9909
1.9235,1.9904
1.9255,1.9897
1.9213,1.9937
1.9296,1.9928
1.9255,1.9965
1.9275,2.0001
1.9294,2.0035
1.9312,2.0068
1.9395,2.0051
1.9354,2.0081
1.9373,2.0109
1.9457,2.0088
1.9417,2.0114
1.9502,2.009
1.9529,2.0064
1.9558,2.0037
1.959,2.001
1.9559,2.0029
1.9655,1.9999
1.9691,1.9968
1.9731,1.9936
1.9773,1.9903
1.9754,1.9918
1.986,1.9884
1.9778,1.9946
1.9945,1.991
1.9928,1.9922
1.9971,1.9933
2.0015,1.9944
2.0058,1.9954
2.0036,2.0013
2.0136,2.0023
2.0175,2.0032
2.0213,2.0042
2.0185,2.01
2.0344,2.006
2.0254,2.0117
2.0346,2.0126
2.0377,2.0135
2.0535,2.0047
2.0446,2.0056
2.0479,2.0066
2.0575,2.0027
2.0611,1.9988
2.0649,1.995
2.0623,1.9962
2.0722,1.9925
2.0697,1.9938
2.0795,1.9902
2.077,1.9916
2.0803,1.9931
2.077,1.9996
2.0858,2.0013
2.0882,2.0031
2.0904,2.0049
2.0923,2.0069
2.1004,2.0041
2.0959,2.0064
2.1038,2.0038
2.099,2.0063
2.1001,2.0089
2.1073,2.0067
2.1083,2.0047
2.1093,2.0028
2.1103,2.001
2.1112,1.9994
2.1055,2.0029
2.1121,2.0016
2.1124,2.0004
2.1127,1.9994
2.1193,1.9937
2.107,1.9979
2.1195,1.9925
2.1135,1.9921
2.1134,1.9919
2.1132,1.9919
2.1128,1.992
2.1059,1.9972
2.111,1.9976
2.1098,1.9982
2.1085,1.9989
2.1069,1.9999
2.1116,1.996
2.0974,2.0021
2.1077,1.9986
2.0995,2.0001
2.1036,1.9969
2.0952,1.9987
2.0927,2.0007
2.0963,1.9979
2.0875,2.0001
2.0845,2.0024
2.0877,2
2.0848,1.9977
2.0819,1.9956
2.0727,1.9984
2.0757,1.9965
2.0598,2.0044
2.0684,2.0027
2.0648,2.001
2.0613,1.9995
2.0513,2.0029
2.0536,2.0015
2.0434,2.0051
2.0454,2.0039
2.0414,2.0027
2.031,2.0065
2.0329,2.0054
2.0286,2.0044
2.018,2.0083
2.0262,2.0024
2.016,2.0015
2.012,2.0006
2.008,1.9997
2.0042,1.9988
2.0004,1.9979
2.0031,1.9921
1.9937,1.9912
1.9841,1.9952
1.9869,1.9943
1.9836,1.9933
1.9741,1.9971
1.9705,2.001
1.9732,1.9998
1.9635,2.0036
1.9663,2.0023
1.9566,2.0059
1.9529,2.0094
1.9555,2.008
1.9523,2.0064
1.9427,2.0097
1.9457,2.008
1.9492,2.0013
1.9342,2.0042
1.9379,2.0022
1.9357,2
1.9402,1.9929
1.9327,1.9905
1.9253,1.9928
1.9304,1.9902
1.9232,1.9923
1.9287,1.9894
1.9284,1.9863
1.922,1.988
1.9154,1.9944
1.9212,1.9958
1.9144,2.0019
1.92,2.003
1.9196,2.0039
1.9193,2.0047
1.9192,2.0053
1.9127,2.0106
1.925,2.006
1.9191,2.0062
1.926,2.0012
1.9207,2.001
1.9281,1.9958
1.9235,1.9953
1.9187,1.9995
1.9329,1.9938
1.9289,1.9928
1.9312,1.9917
1.9338,1.9904
1.9301,1.9939
1.9325,1.9972
1.9349,2.0003
1.9436,1.9985
1.94,2.0013
1.9425,2.0041
1.9449,2.0067
1.9473,2.0092
1.9561,2.0066
1.9526,2.0088
1.9551,2.011
1.9641,2.0081
1.9607,2.01
1.9699,2.0069
1.9732,2.0037
1.9703,2.0053
1.9799,2.0019
1.9837,1.9984
1.9877,1.9949
1.9856,1.9961
1.996,1.9925
1.9941,1.9936
2.0047,1.9898
2.0031,1.9909
2.0075,1.9919
2.0054,1.9977
2.0156,1.9987
2.0195,1.9996
2.0234,2.0005
2.0273,2.0014
2.0246,2.0072
2.0341,2.0081
2.0373,2.009
2.0405,2.0099
2.05,2.0059
2.047,2.0069
2.0566,2.003
2.0537,2.004
2.0568,2.0051
2.0726,1.9965
2.0637,1.9977
2.0734,1.9941
2.077,1.9905
2.0808,1.987
2.0719,1.9934
2.0875,1.9901
2.091,1.9869
2.0882,1.9886
2.0913,1.9905
2.0941,1.9925
2.0902,1.9995
2.0984,2.0017
2.1066,1.9991
2.1022,2.0016
2.1037,2.0042
2.1048,2.0069
2.0992,2.0146
2.1119,2.0127
2.1123,2.011
2.1127,2.0093
2.1065,2.0128
2.1125,2.0115
2.1123,2.0103
2.1184,2.0044
2.1122,2.0035
2.1183,1.998
2.1121,1.9974
2.1183,1.9922
2.1121,1.9919
2.1184,1.987
2.1122,1.9871
2.1055,1.9923
2.111,1.9927
2.1101,1.9933
2.1091,1.994
2.1078,1.9949
2.1064,1.9959
2.0983,2.002
2.1023,2.0034
2.1064,2
2.0915,2.0065
2.0947,2.0083
2.0981,2.0054
2.0889,2.0075
2.0856,2.0097
2.0884,2.0071
2.0852,2.0047
2.082,2.0024
2.0788,2.0002
2.0756,1.9982
2.0661,2.0011
2.0623,2.0042
2.0712,1.9975
2.0618,1.9959
2.0585,1.9943
2.0488,1.9978
2.0514,1.9964
2.0479,1.9951
2.0445,1.9938
2.0411,1.9926
2.0313,1.9964
2.0338,1.9953
2.0238,1.9992
2.0261,1.9982
2.0224,1.9972
2.0123,2.0012
2.0145,2.0003
2.0107,1.9994
2.0005,2.0034
2.0026,2.0025
1.9923,2.0065
1.9943,2.0056
1.9903,2.0047
1.9864,2.0037
1.9762,2.0076
1.9848,2.0017
1.9751,2.0007
1.9717,1.9995
1.9685,1.9984
1.9654,1.9972
1.9625,1.9959
1.9598,1.9945
1.9572,1.993
1.9485,1.9964
1.9522,1.9948
1.95,1.9931
1.9416,1.9961
1.9393,1.9991
1.9369,2.002
1.9345,2.0047
1.9385,2.0024
1.9367,2.0001
1.9352,1.9975
1.9275,1.9998
1.926,2.0019
1.9245,2.0039
1.9295,2.0008
1.9287,1.9976
1.9218,1.9992
1.9211,2.0006
1.9204,2.0018
1.9199,2.0029
1.9195,2.0038
1.9191,2.0046
1.9254,2.0003
1.9195,2.0008
1.9198,2.0011
1.9203,2.0013
1.9209,2.0012
1.9282,1.9962
1.9233,1.9958
1.9248,1.9953
1.9329,1.9898
1.9225,1.9939
1.9307,1.9929
1.9266,1.9967
1.9285,2.0003
1.9367,1.9989
1.9327,2.0022
1.9347,2.0054
1.9366,2.0084
1.9384,2.0113
1.9338,2.0189
1.9478,2.0166
1.9562,2.0094
1.9526,2.0068
1.949,2.0091
1.9642,2.0014
1.9614,1.9985
1.965,1.9955
1.9688,1.9924
1.9664,1.9941
1.9702,1.9957
1.9739,1.9973
1.984,1.9938
1.9819,1.9952
1.9858,1.9964
1.9897,1.9976
1.9872,2.0037
1.9968,2.0048
2.0003,2.0058
2.0038,2.0068
2.0007,2.0127
2.0163,2.0088
2.0069,2.0146
2.0223,2.0106
2.0257,2.0066
2.0229,2.0075
2.0325,2.0035
2.0362,1.9995
2.0337,2.0004
2.0436,1.9965
2.0476,1.9925
2.0453,1.9935
2.0555,1.9897
2.0533,1.9908
2.0635,1.987
2.0613,1.9882
2.0716,1.9846
2.0694,1.9859
2.0732,1.9873
2.0704,1.9937
2.0796,1.9952
2.0826,1.9969
2.0853,1.9987
2.0813,2.0054
2.0958,2.0025
2.0917,2.0046
2.0934,2.0068
2.0949,2.0091
2.1025,2.0066
2.1039,2.0043
2.0989,2.007
2.1062,2.005
2.1073,2.0031
2.1083,2.0013
2.1093,1.9997
2.1167,1.9933
2.1117,1.992
2.1063,1.9957
2.1131,1.9947
2.1137,1.9938
2.1142,1.9931
2.1146,1.9926
2.1149,1.9922
2.115,1.992
2.115,1.9919
2.1149,1.992
2.1146,1.9922
2.1141,1.9926
2.1135,1.9932
2.1126,1.9939
2.1052,1.9997
2.1097,2.0007
2.1145,1.997
2.1067,1.9984
2.1048,1.9999
2.1027,2.0015
2.1003,2.0033
2.0977,2.0052
2.1013,2.0024
2.0924,2.0046
2.0893,2.0069
2.086,2.0094
2.0823,2.012
2.0849,2.0098
2.0748,2.0126
2.0771,2.0107
2.0732,2.0088
2.0694,2.0071
2.0656,2.0054
2.0617,2.0038
2.058,2.0024
2.0542,2.001
2.0504,1.9997
2.0467,1.9984
2.0495,1.9923
2.0335,1.9961
2.036,1.995
2.0325,1.994
2.029,1.993
2.0255,1.992
2.0157,1.996
2.0182,1.9951
2.0082,1.9991
2.0106,1.9982
2.0004,2.0022
2.0026,2.0013
1.9924,2.0053
1.9945,2.0043
1.9841,2.0083
1.9861,2.0073
1.9756,2.0112
1.9775,2.0101
1.9735,2.009
1.9695,2.0079
1.9657,2.0066
1.9621,2.0054
1.9586,2.004
1.9618,1.9977
1.9464,2.001
1.9496,1.9994
1.947,1.9977
1.9445,1.9959
1.9423,1.994
1.9403,1.992
1.9322,1.9947
1.9302,1.9974
1.9281,1.9999
1.9325,1.9974
1.9247,1.9996
1.9229,2.0017
1.9212,2.0037
1.926,2.0007
1.9186,2.0024
1.9173,2.0039
1.9161,2.0053
1.9215,2.0017
1.9146,2.0028
1.914,2.0038
1.9199,1.9997
1.9201,1.9954
1.9208,1.991
1.9219,1.9864
1.917,1.9866
1.9184,1.9866
1.9201,1.9864
1.9219,1.9861
1.9239,1.9856
1.9197,1.9899
1.9279,1.9891
1.9238,1.993
1.9258,1.9968
1.9277,2.0004
1.9295,2.0039
1.9313,2.0072
1.933,2.0104
1.9346,2.0134
1.9362,2.0163
1.9441,2.0142
1.9397,2.0168
1.9478,2.0144
1.9501,2.0119
1.959,2.0044
1.9559,2.0016
1.9592,1.9988
1.9628,1.9958
1.9667,1.9927
1.9708,1.9895
1.9752,1.9862
1.9799,1.9829
1.9784,1.9843
1.9831,1.9857
1.9877,1.9869
1.9924,1.9882
1.997,1.9893
1.9952,1.9953
2.0056,1.9964
2.0033,2.0023
2.0134,2.0032
2.0107,2.0091
2.0203,2.01
2.0237,2.0109
2.0206,2.0167
2.0361,2.0127
2.033,2.0136
2.036,2.0145
2.0454,2.0105
2.0423,2.0114
2.0517,2.0075
2.0551,2.0036
2.0587,1.9998
2.0624,1.9959
2.0663,1.9922
2.0639,1.9934
2.0675,1.9946
2.0838,1.9862
2.0753,1.9876
2.079,1.989
2.0824,1.9906
2.0793,1.9972
2.0881,1.9989
2.0906,2.0008
2.0929,2.0027
2.0949,2.0048
2.0902,2.0119
2.0975,2.0142
2.1048,2.0117
2.0995,2.0143
2.1129,2.0072
2.1079,2.0051
2.109,2.0032
2.11,2.0014
2.1109,1.9998
2.1118,1.9983
2.119,1.9921
2.1139,1.9909
2.1149,1.9899
2.1157,1.989
2.1165,1.9883
2.1171,1.9877
2.1112,1.9922
2.1174,1.992
2.1174,1.9919
2.1172,1.992
2.1104,1.9971
2.1157,1.9975
2.1211,1.9932
2.1141,1.9939
2.113,1.9947
2.1053,2.0006
2.1096,2.0018
2.1076,2.0032
2.1054,2.0046
2.1029,2.0063
2.1066,2.0031
2.0978,2.0051
2.0948,2.0071
2.0916,2.0093
2.0945,2.0067
2.085,2.0092
2.0877,2.0069
2.0843,2.0047
2.0809,2.0026
2.0776,2.0006
2.0678,2.0037
2.0703,2.0019
2.0667,2.0003
2.0632,1.9987
2.0596,1.9972
2.0561,1.9958
2.0462,1.9994
2.0486,1.9981
2.0384,2.0018
2.0406,2.0007
2.0302,2.0045
2.0257,2.0083
2.0338,2.0025
2.0236,2.0015
2.0195,2.0006
2.0091,2.0045
2.0109,2.0036
2.0068,2.0027
2.0027,2.0019
1.9987,2.001
1.9947,2.0001
1.9909,1.9991
1.9872,1.9982
1.9771,2.0021
1.9859,1.9962
1.9765,1.9952
1.9668,1.9989
1.976,1.9929
1.9606,1.9966
1.9637,1.9953
1.9609,1.9939
1.9518,1.9974
1.9552,1.9959
1.9527,1.9943
1.944,1.9975
1.9413,2.0005
1.9451,1.9986
1.9365,2.0015
1.934,2.0043
1.9379,2.002
1.9295,2.0046
1.9272,2.007
1.9314,2.0043
1.9233,2.0065
1.9278,2.0036
1.9201,2.0054
1.925,2.0023
1.9176,2.0038
1.9229,2.0004
1.916,2.0016
1.9218,1.9978
1.9154,1.9988
1.9152,1.9996
1.9152,2.0003
1.9088,2.0056
1.9213,2.0011
1.922,1.9964
1.9232,1.9915
1.9184,1.9913
1.9199,1.991
1.9151,1.9954
1.9293,1.9899
1.9188,1.994
1.927,1.9931
1.9228,1.9969
1.9311,1.9956
1.927,1.9991
1.9355,1.9976
1.9317,2.0008
1.9403,1.9989
1.9367,2.0018
1.9391,2.0046
1.9415,2.0072
1.9502,2.0049
1.9531,2.0023
1.9499,2.0046
1.9591,2.0019
1.9625,1.999
1.9533,2.0058
1.9753,1.9978
1.9667,1.9995
1.9766,1.9963
1.9744,1.9978
1.9717,2.0041
1.9877,2.0006
1.9918,1.997
1.9897,1.9982
2.0001,1.9945
1.9982,1.9956
2.0025,1.9967
1.9937,2.0075
2.0223,1.9987
2.0142,1.9996
2.0182,2.0005
2.0221,2.0014
2.026,2.0023
2.0297,2.0032
2.0334,2.0041
2.037,2.005
2.047,2.001
2.0445,2.002
2.0481,2.0029
2.0515,2.0039
2.0548,2.0049
2.0645,2.0011
2.0617,2.0023
2.0713,1.9986
2.0684,1.9998
2.0716,2.0011
2.0809,1.9976
2.0779,1.9991
2.0807,2.0006
2.0898,1.9974
2.0863,1.9992
2.0888,2.001
2.091,2.003
2.0994,2.0001
2.0953,2.0023
2.1035,1.9997
2.0991,2.0021
2.1005,2.0047
2.0951,2.0123
2.1146,2.0053
2.1096,2.0034
2.1106,2.0016
2.1116,1.9999
2.1124,1.9984
2.1132,1.9971
2.114,1.9959
2.1082,1.9997
2.121,1.994
2.1153,1.9932
2.1091,1.9975
2.1216,1.9922
2.1155,1.992
2.1154,1.9919
2.1152,1.992
2.1083,1.9971
2.12,1.9926
2.1067,1.998
2.1116,1.9987
2.1102,1.9995
2.1085,2.0006
2.1067,2.0017
2.1046,2.003
2.1023,2.0045
2.0997,2.0061
2.1034,2.003
2.0945,2.0049
2.0915,2.0069
2.0882,2.0091
2.0912,2.0066
2.088,2.0041
2.0784,2.0067
2.0811,2.0045
2.0777,2.0024
2.0743,2.0004
2.0709,1.9985
2.0676,1.9968
2.0643,1.9951
2.0611,1.9935
2.0643,1.9872
2.0489,1.9906
2.0518,1.9893
2.0423,1.9929
2.0386,1.9966
2.0347,2.0004
2.037,1.9993
2.0203,2.008
2.0346,2.0021
2.018,2.0061
2.0199,2.0051
2.0157,2.0042
2.0051,2.0082
2.0068,2.0073
2.0025,2.0064
1.9982,2.0055
1.9941,2.0046
1.99,2.0037
1.9925,1.9979
1.9828,1.9969
1.9794,1.9959
1.9697,1.9997
1.9788,1.9938
1.9632,1.9975
1.9727,1.9914
1.9639,1.9901
1.955,1.9937
1.9521,1.9971
1.9556,1.9956
1.9531,1.994
1.9445,1.9972
1.9419,2.0003
1.9456,1.9984
1.9307,2.0062
1.9405,2.0041
1.9319,2.0067
1.9358,2.0044
1.9275,2.0068
1.9317,2.0042
1.9236,2.0063
1.9217,2.0083
1.9263,2.0053
1.9251,2.0021
1.9178,2.0037
1.9231,2.0002
1.9162,2.0015
1.9155,2.0027
1.9214,1.9987
1.9151,1.9996
1.9215,1.9953
1.9158,1.9958
1.9164,1.9962
1.9235,1.9915
1.9185,1.9915
1.9199,1.9913
1.9214,1.9911
1.9231,1.9906
1.925,1.99
1.9272,1.9892
1.9296,1.9883
1.9192,1.997
1.9337,1.9957
1.9297,1.9992
1.9318,2.0026
1.9337,2.0058
1.9357,2.0088
1.944,2.0069
1.94,2.0097
1.9485,2.0074
1.9447,2.0099
1.9469,2.0123
1.962,2.0048
1.9525,2.007
1.9617,2.0041
1.9649,2.0012
1.9621,2.003
1.9652,2.0047
1.9748,2.0014
1.9722,2.003
1.982,1.9995
1.9795,2.0009
1.9832,2.0022
1.9867,2.0034
1.9967,1.9997
1.9944,2.0008
1.9982,2.0019
2.0019,2.0029
2.012,1.999
2.0162,1.995
2.0143,1.996
2.0184,1.9969
2.0288,1.9929
2.027,1.9938
2.0312,1.9947
2.0353,1.9956
2.0457,1.9916
2.0439,1.9925
2.048,1.9935
2.052,1.9945
2.0559,1.9955
2.0532,2.0014
2.0627,2.0026
2.0659,2.0037
2.0689,2.005
2.0782,2.0014
2.075,2.0028
2.0713,2.0091
2.0861,2.0058
2.0887,2.0026
2.085,2.0043
2.0936,2.0012
2.0962,1.9983
2.0923,2.0003
2.1007,1.9976
2.1031,1.995
2.1054,1.9926
2.1078,1.9902
2.1037,1.9929
2.1054,1.9957
2.1133,1.9937
2.1085,1.9968
2.1096,2.0001
2.1102,2.0034
2.117,2.0021
2.1111,2.0058
2.1173,2.0047
2.1109,2.0087
2.1166,2.0079
2.1226,2.0025
2.1161,2.002
2.1156,2.0018
2.1149,2.0017
2.1205,1.9968
2.1137,1.997
2.1192,1.9925
2.1124,1.9931
2.1179,1.9889
2.1045,1.9946
2.1157,1.9907
2.1019,1.9967
2.1062,1.998
2.1043,1.9995
2.0956,2.006
2.0925,2.0126
2.1018,2.0096
2.0924,2.0117
2.0953,2.0089
2.0857,2.0113
2.0883,2.0088
2.0784,2.0113
2.0873,2.0042
2.0778,2.0022
2.0744,2.0002
2.071,1.9983
2.0741,1.9916
2.065,1.99
2.0621,1.9884
2.0592,1.9869
2.0563,1.9855
2.047,1.989
2.0436,1.9926
2.04,1.9963
2.0425,1.9952
2.0326,1.999
2.0285,2.0028
2.0241,2.0067
2.0195,2.0106
2.0146,2.0146
2.016,2.0137
2.0112,2.0128
2.0065,2.0119
2.0019,2.011
1.9973,2.0101
1.9928,2.0092
1.9949,2.0034
1.9912,1.9976
1.9815,1.9966
1.9845,1.9907
1.9753,1.9897
1.9724,1.9886
1.9697,1.9874
1.9672,1.9862
1.9648,1.9849
1.9562,1.9885
1.9537,1.992
1.951,1.9953
1.9483,1.9986
1.9454,2.0018
1.9426,2.0049
1.9461,2.0031
1.9308,2.0108
1.9403,2.0087
1.9314,2.0114
1.9285,2.0139
1.9321,2.0115
1.9299,2.0089
1.9215,2.011
1.9257,2.0082
1.9241,2.0051
1.9228,2.002
1.9219,1.9987
1.9213,1.9953
1.9212,1.9917
1.9149,1.9928
1.9214,1.9889
1.9157,1.9897
1.9162,1.9904
1.9234,1.986
1.912,1.9913
1.9191,1.9915
1.9204,1.9915
1.9217,1.9914
1.9169,1.996
1.9244,1.9955
1.9197,1.9998
1.9273,1.999
1.9162,2.0079
1.9363,2.0019
1.9256,2.0056
1.9335,2.0042
1.9291,2.0076
1.9372,2.0059
1.933,2.009
1.9477,2.0022
1.9378,2.0049
1.9401,2.0076
1.9552,2.0004
1.9458,2.0028
1.955,2.0001
1.9648,1.9925
1.9562,1.9946
1.9662,1.9916
1.9639,1.9934
1.9742,1.9903
1.9722,1.9919
1.9763,1.9935
1.9804,1.9949
1.978,2.0012
1.9943,1.9976
1.9858,2.0037
1.9955,2.0049
1.9992,2.006
2.0027,2.0071
2.0063,2.0081
2.0097,2.0091
2.0195,2.0051
2.017,2.0061
2.0206,2.007
2.0305,2.003
2.0216,2.0088
2.0439,1.9999
2.0355,2.0008
2.0456,1.9968
2.0434,1.9977
2.0536,1.9938
2.0514,1.9948
2.0553,1.9958
2.046,2.0066
2.0677,2.0029
2.0647,2.004
2.0741,2.0004
2.0775,1.9968
2.0745,1.9982
2.0775,1.9996
2.0867,1.9963
2.0835,1.9979
2.0926,1.9948
2.0892,1.9966
2.0982,1.9936
2.0946,1.9957
2.0969,1.9978
2.0989,2.0001
2.1071,1.9976
2.1091,1.9953
2.0983,2.0028
2.112,2.0007
2.1069,2.0037
2.1012,2.0116
2.1203,2.0051
2.1084,2.0084
2.1147,2.0071
2.1084,2.0107
2.1143,2.0097
2.101,2.0185
2.1186,2.0129
2.1244,2.0025
2.1117,2.0021
2.1111,2.0018
2.1167,1.9968
2.1099,1.9968
2.1155,1.9921
2.1087,1.9925
2.1143,1.9881
2.1075,1.9888
2.1065,1.9896
2.1054,1.9906
2.1105,1.9869
2.1032,1.9882
2.1018,1.9896
2.1001,1.9912
2.0983,1.9929
2.0897,1.9997
2.0932,2.0017
2.0903,2.0039
2.0872,2.0062
2.0838,2.0086
2.0801,2.0111
2.0762,2.0138
2.0784,2.0117
2.0745,2.0097
2.0706,2.0078
2.0668,2.006
2.0629,2.0044
2.0591,2.0028
2.0617,1.9964
2.0522,1.995
2.0487,1.9936
2.0454,1.9924
2.042,1.9911
2.0387,1.99
2.029,1.9938
2.0317,1.9928
2.0218,1.9966
2.0243,1.9957
2.0207,1.9947
2.0107,1.9987
2.0066,2.0027
2.0023,2.0067
2.0042,2.0058
1.9937,2.0098
1.9954,2.0089
1.9912,2.008
1.987,2.007
1.9765,2.011
1.9848,2.0051
1.9749,2.004
1.9712,2.0029
1.9676,2.0018
1.9643,2.0006
1.9675,1.9944
1.9586,1.9931
1.9561,1.9917
1.9537,1.9902
1.9516,1.9886
1.9368,1.9967
1.9532,1.99
1.9389,1.9931
1.9369,1.996
1.9412,1.9939
1.9333,1.9965
1.9314,1.9991
1.936,1.9966
1.9284,1.9989
1.9268,2.0011
1.9254,2.0031
1.9303,2.0001
1.9167,2.0067
1.9278,2.0035
1.9207,2.0049
1.9198,2.0062
1.9189,2.0074
1.9246,2.0035
1.9181,2.0043
1.9178,2.005
1.9241,2.0006
1.9248,1.9961
1.9194,1.9963
1.9203,1.9964
1.9213,1.9963
1.9225,1.996
1.924,1.9956
1.9256,1.995
1.9274,1.9942
1.923,1.9982
1.9246,2.002
1.9261,2.0057
1.934,2.0043
1.9295,2.0077
1.9375,2.0061
1.9332,2.0091
1.935,2.0121
1.9366,2.0149
1.9447,2.0127
1.9469,2.0103
1.9493,2.0078
1.952,2.0052
1.9549,2.0025
1.9581,1.9997
1.9615,1.9967
1.9652,1.9937
1.9692,1.9905
1.9735,1.9873
1.9716,1.9888
1.9758,1.9903
1.98,1.9917
1.9906,1.9881
1.9825,1.9942
1.9928,1.9954
1.9904,2.0014
2.0003,2.0025
2.0105,1.9986
2.0019,2.0045
2.0116,2.0055
2.0152,2.0064
2.0187,2.0073
2.0156,2.0131
2.0312,2.0091
2.0348,2.0051
2.0321,2.006
2.0418,2.002
2.0457,1.998
2.0497,1.9941
2.0475,1.9951
2.0577,1.9912
2.0555,1.9923
2.0657,1.9885
2.0636,1.9897
2.0674,1.9909
2.0775,1.9873
2.0688,1.9936
2.0782,1.995
2.0814,1.9966
2.0843,1.9982
2.087,1.9999
2.0895,2.0017
2.0918,2.0036
2.0938,2.0057
2.0955,2.0078
2.1034,2.0052
2.0987,2.0076
2.1063,2.0052
2.1014,2.0079
2.1086,2.0058
2.1097,2.0038
2.1108,2.002
2.1118,2.0003
2.1062,2.0037
2.1194,1.9974
2.114,1.9962
2.1147,1.9951
2.1088,1.999
2.1151,1.9983
2.1152,1.9977
2.1151,1.9972
2.1149,1.9969
2.1211,1.9919
2.1147,1.9919
2.1144,1.9921
2.1074,1.9973
2.119,1.993
2.112,1.9936
2.1109,1.9944
2.1097,1.9954
2.1082,1.9965
2.1001,2.0027
2.1104,1.9993
2.1022,2.0008
2.0998,2.0026
2.0907,2.0093
2.1001,2.0064
2.0844,2.0135
2.0932,2.0109
2.0899,2.0084
2.0801,2.0109
2.0826,2.0087
2.0725,2.0115
2.0683,2.0144
2.0767,2.0076
2.0667,2.0058
2.0628,2.0041
2.0654,1.9976
2.0558,1.9961
2.0523,1.9947
2.0489,1.9933
2.0455,1.9921
2.0421,1.9908
2.0388,1.9897
2.0291,1.9935
2.0317,1.9924
2.0283,1.9914
2.0185,1.9954
2.021,1.9944
2.0174,1.9935
2.0075,1.9975
2.0099,1.9966
1.9999,2.0006
2.0022,1.9997
1.992,2.0037
1.9942,2.0028
1.9904,2.0018
1.9802,2.0058
1.9824,2.0048
1.9787,2.0037
1.975,2.0026
1.9715,2.0015
1.9682,2.0003
1.965,1.999
1.962,1.9977
1.9592,1.9963
1.9566,1.9948
1.9477,1.9981
1.9513,1.9965
1.9426,1.9996
1.9464,1.9977
1.9379,2.0006
1.9419,1.9985
1.9336,2.0012
1.9314,2.0038
1.9356,2.0013
1.9276,2.0036
1.9257,2.0058
1.9302,2.003
1.9225,2.0049
1.921,2.0066
1.9195,2.0082
1.9245,2.0048
1.9173,2.0061
1.9228,2.0024
1.9161,2.0034
1.922,1.9994
1.9223,1.9952
1.9101,2.0006
1.9228,1.9961
1.9173,1.9963
1.9181,1.9964
1.9191,1.9963
1.9138,2.0009
1.9145,2.0054
1.9279,1.9999
1.9232,1.9992
1.9248,1.9983
1.9266,1.9972
1.9222,2.0009
1.9303,1.9996
1.926,2.003
1.9343,2.0013
1.9302,2.0044
1.9386,2.0025
1.9412,2.0004
1.9375,2.0031
1.9464,2.0007
1.9494,1.9983
1.9527,1.9957
1.9498,1.9979
1.9595,1.995
1.9568,1.997
1.9667,1.9939
1.9708,1.9908
1.9687,1.9924
1.9791,1.9891
1.9708,1.9955
1.9874,1.992
1.9855,1.9933
1.9898,1.9945
1.994,1.9957
1.9981,1.9968
2.0023,1.9979
1.9999,2.0038
2.0098,2.0048
2.0135,2.0058
2.0171,2.0067
2.0207,2.0076
2.0306,2.0036
2.0282,2.0045
2.0254,2.0103
2.0476,2.0014
2.0391,2.0023
2.0427,2.0032
2.0526,1.9993
2.0502,2.0003
2.0537,2.0013
2.0635,1.9975
2.0674,1.9937
2.0651,1.9948
2.0686,1.9961
2.0785,1.9925
2.0759,1.9938
2.0792,1.9953
2.0824,1.9968
2.0789,2.0033
2.0874,2.005
2.0896,2.0068
2.0915,2.0088
2.0932,2.0108
2.0946,2.0129
2.1022,2.0103
2.0972,2.0127
2.1044,2.0103
2.099,2.013
2.1124,2.0059
2.1073,2.004
2.1083,2.0021
2.1156,1.9956
2.1042,1.9989
2.1111,1.9975
2.1183,1.9914
2.1131,1.9903
2.1139,1.9893
2.1146,1.9886
2.1153,1.9879
2.1029,1.9972
2.1149,1.9969
2.121,1.9919
2.1147,1.9919
2.1079,1.997
2.1132,1.9973
2.1057,2.0027
2.1104,2.0033
2.1087,2.0041
2.1132,2.0002
2.1053,2.0013
2.1033,2.0026
2.101,2.004
2.0985,2.0056
2.1022,2.0024
2.0999,1.9994
2.0911,2.0014
2.0882,2.0035
2.0915,2.0009
2.0823,2.0033
2.0853,2.001
2.0758,2.0036
2.0787,2.0015
2.069,2.0044
2.0715,2.0025
2.0616,2.0055
2.0639,2.0038
2.0601,2.0022
2.0564,2.0007
2.0527,1.9993
2.0426,2.0028
2.0447,2.0015
2.0473,1.9954
2.0311,1.9992
2.0334,1.9981
2.0296,1.997
2.0259,1.996
2.0093,2.0048
2.0237,1.999
2.0202,1.9932
2.0106,1.9923
2.0007,1.9963
2.0032,1.9954
1.9932,1.9994
1.9956,1.9985
1.992,1.9976
1.982,2.0015
1.9844,2.0006
1.9744,2.0045
1.9768,2.0034
1.9731,2.0023
1.9697,2.0012
1.9663,2
1.9632,1.9988
1.9537,2.0023
1.9568,2.0009
1.9538,1.9994
1.9512,1.9979
1.9487,1.9962
1.9464,1.9944
1.938,1.9975
1.942,1.9955
1.9402,1.9934
1.9323,1.9961
1.9368,1.9938
1.9292,1.9962
1.9276,1.9986
1.9325,1.9959
1.9252,1.9979
1.924,1.9998
1.9293,1.9967
1.916,2.0032
1.9275,1.9998
1.9143,2.006
1.9196,2.0072
1.9188,2.0082
1.9246,2.0042
1.9182,2.0049
1.9181,2.0055
1.9181,2.0059
1.9182,2.0061
1.9249,2.0013
1.9259,1.9963
1.921,1.9961
1.9223,1.9956
1.9239,1.9951
1.9321,1.9895
1.9218,1.9935
1.9301,1.9924
1.926,1.9961
1.928,1.9997
1.93,2.0031
1.9383,2.0014
1.9278,2.0094
1.9421,2.0075
1.938,2.0103
1.9399,2.013
1.9482,2.0107
1.9442,2.0131
1.9527,2.0106
1.9553,2.0079
1.9581,2.005
1.9677,1.9972
1.9588,1.9991
1.9622,2.0008
1.9783,1.9927
1.9764,1.9894
1.9809,1.986
1.9792,1.9874
1.9837,1.9887
1.9881,1.9899
1.9925,1.9911
1.9968,1.9922
2.0012,1.9933
1.999,1.9992
2.0091,2.0002
2.0065,2.0061
2.0227,2.0021
2.0139,2.0079
2.0234,2.0088
2.0267,2.0097
2.0299,2.0106
2.0395,2.0066
2.0367,2.0075
2.0399,2.0084
2.0494,2.0045
2.053,2.0006
2.0503,2.0016
2.06,1.9978
2.0573,1.9989
2.0671,1.9951
2.0644,1.9964
2.0741,1.9928
2.0714,1.9941
2.0746,1.9956
2.0841,1.9922
2.0811,1.9938
2.084,1.9955
2.0932,1.9924
2.0834,1.9992
2.0982,1.9964
2.0879,2.0034
2.1021,2.0007
2.0977,2.0031
2.0992,2.0056
2.1003,2.0082
2.1075,2.0061
2.1021,2.009
2.109,2.0072
2.1097,2.0055
2.1038,2.0088
2.1102,2.0074
2.1103,2.0061
2.1104,2.005
2.1167,1.9992
2.1108,1.9984
2.1172,1.9929
2.1113,1.9924
2.1113,1.9921
2.1177,1.987
2.1116,1.987
2.118,1.9823
2.112,1.9826
2.1119,1.9831
2.1052,1.9886
2.1042,1.9943
2.1156,1.9904
2.1019,1.9964
2.1064,1.9976
2.0981,2.0039
2.0954,2.0104
2.0987,2.0121
2.102,2.009
2.0927,2.011
2.0894,2.0131
2.0922,2.0105
2.0824,2.0129
2.0785,2.0154
2.0872,2.0083
2.0776,2.0061
2.0741,2.0041
2.0705,2.0022
2.0735,1.9955
2.0643,1.9938
2.0611,1.9922
2.0581,1.9907
2.055,1.9892
2.052,1.9879
2.0491,1.9866
2.0398,1.9903
2.0427,1.9891
2.0332,1.9929
2.036,1.9918
2.0263,1.9957
2.0225,1.9996
2.0184,2.0036
2.0141,2.0075
2.0159,2.0066
2.0053,2.0106
2.007,2.0097
2.0027,2.0088
1.992,2.0128
2.0001,2.007
1.9899,2.0061
1.9859,2.0051
1.982,2.0041
1.9782,2.0031
1.9746,2.002
1.9646,2.0058
1.9735,1.9997
1.9642,1.9985
1.9612,1.9971
1.9583,1.9958
1.9557,1.9943
1.9468,1.9976
1.9504,1.9959
1.9481,1.9942
1.9396,1.9972
1.9372,2.0002
1.9412,1.9981
1.9328,2.0008
1.9306,2.0034
1.9348,2.0009
1.9332,1.9984
1.9254,2.0006
1.9303,1.9978
1.9229,1.9997
1.9281,1.9966
1.9211,1.9982
1.9202,1.9997
1.9195,2.001
1.9188,2.0022
1.9247,1.9984
1.9184,1.9992
1.9183,2
1.9249,1.9956
1.9193,1.9961
1.9134,2.0012
1.9201,2.0013
1.9272,1.9963
1.9222,1.9961
1.9235,1.9957
1.925,1.9951
1.9203,1.9993
1.9216,2.0033
1.9292,2.0023
1.931,2.0011
1.9265,2.0047
1.928,2.0081
1.9359,2.0065
1.9315,2.0096
1.9331,2.0126
1.9411,2.0105
1.9433,2.0083
1.9456,2.006
1.9482,2.0036
1.9511,2.001
1.9542,1.9983
1.9576,1.9955
1.9613,1.9926
1.9653,1.9895
1.9631,1.9913
1.9669,1.993
1.9773,1.9896
1.9689,1.996
1.9852,1.9925
1.9833,1.9939
1.9809,2
1.9908,2.0012
1.9945,2.0023
1.9982,2.0034
2.0019,2.0044
2.0055,2.0054
2.009,2.0064
2.0125,2.0073
2.0159,2.0082
2.0256,2.0043
2.0231,2.0051
2.033,2.0011
2.037,1.9971
2.0347,1.9981
2.0385,1.999
2.0486,1.995
2.0528,1.9911
2.0572,1.9872
2.0554,1.9883
2.0595,1.9894
2.0699,1.9857
2.0679,1.9869
2.072,1.9882
2.0758,1.9895
2.073,1.9958
2.0823,1.9973
2.0853,1.9989
2.0881,2.0006
2.0907,2.0024
2.093,2.0043
2.095,2.0064
2.0968,2.0085
2.0983,2.0107
2.106,2.0082
2.1076,2.0058
2.1091,2.0035
2.1041,2.0063
2.1114,2.0043
2.1126,2.0024
2.1136,2.0007
2.1146,1.9991
2.1091,2.0026
2.1223,1.9964
2.1169,1.9953
2.1176,1.9944
2.1182,1.9936
2.1186,1.9929
2.1189,1.9924
2.1192,1.9921
2.1128,1.9968
2.1185,1.9968
2.1115,2.0018
2.1102,2.007
2.1148,2.0075
2.1131,2.0081
2.1047,2.0138
2.1084,2.0147
2.1057,2.0158
2.1092,2.0122
2.1067,2.0087
2.1042,2.0053
2.1018,2.0021
2.0929,2.004
2.0964,2.0011
2.0938,1.9983
2.0913,1.9957
2.0888,1.9931
2.0798,1.9957
2.0832,1.9934
2.0741,1.9961
2.0773,1.9941
2.0744,1.9922
2.0715,1.9904
2.0622,1.9936
2.0588,1.9968
2.0551,2.0002
2.0576,1.9987
2.0476,2.0023
2.0498,2.001
2.046,1.9997
2.0422,1.9986
2.032,2.0024
2.0341,2.0013
2.0301,2.0003
2.0262,1.9993
2.0159,2.0032
2.0179,2.0023
2.0074,2.0063
2.0157,2.0005
2.0056,1.9996
1.9954,2.0036
1.9974,2.0027
1.9935,2.0018
1.9896,2.0009
1.9859,1.9999
1.9887,1.9941
1.9794,1.993
1.9763,1.992
1.967,1.9957
1.9701,1.9945
1.9672,1.9933
1.9581,1.9969
1.9614,1.9955
1.9588,1.994
1.9436,2.0022
1.953,2.0006
1.9505,1.9988
1.9417,2.0019
1.939,2.0048
1.9428,2.0028
1.9342,2.0055
1.9316,2.0081
1.9356,2.0056
1.9272,2.008
1.9314,2.0053
1.9234,2.0074
1.9279,2.0044
1.9202,2.0062
1.9251,2.003
1.9242,1.9996
1.9173,2.0009
1.923,1.9972
1.9166,1.9983
1.9228,1.9943
1.9104,1.9999
1.923,1.9956
1.9174,1.996
1.918,1.9963
1.9187,1.9964
1.9132,2.0012
1.9137,2.0059
1.9269,2.0006
1.922,2.0001
1.9169,2.0043
1.9307,1.9985
1.9199,2.0024
1.9277,2.0012
1.9361,1.995
1.926,1.9984
1.9344,1.9968
1.9371,1.9951
1.9335,1.9981
1.9424,1.996
1.9455,1.9938
1.9424,1.9964
1.9454,1.9989
1.9548,1.9963
1.9519,1.9985
1.9551,2.0006
1.9583,2.0026
1.9614,2.0044
1.9645,2.0062
1.9676,2.0079
1.9771,2.0046
1.9743,2.0061
1.9775,2.0075
1.9872,2.0039
1.991,2.0003
1.9887,2.0015
1.9988,1.9977
2.0031,1.9939
2.0012,1.995
2.0119,1.9911
2.0102,1.992
2.0211,1.9881
2.0132,1.9939
2.0236,1.9948
2.0278,1.9957
2.032,1.9966
2.0361,1.9975
2.0401,1.9984
2.0376,2.0042
2.0472,2.0051
2.0506,2.0061
2.0538,2.0071
2.057,2.0081
2.0664,2.0044
2.0634,2.0055
2.0728,2.0018
2.0697,2.0031
2.0726,2.0045
2.0817,2.001
2.0848,1.9976
2.0881,1.9943
2.0849,1.996
2.0876,1.9978
2.0966,1.9948
2.093,1.9968
2.0954,1.9989
2.1039,1.9963
2.0998,1.9986
2.1016,2.0011
2.103,2.0037
2.1106,2.0016
2.1056,2.0044
2.1129,2.0026
2.1075,2.0057
2.1078,2.009
2.1143,2.0076
2.1081,2.0112
2.1204,2.0052
2.1143,2.0042
2.1142,2.0034
2.114,2.0027
2.1201,1.9973
2.1138,1.997
2.1134,1.9968
2.1129,1.9968
2.1122,1.9969
2.1114,1.9972
2.1168,1.9928
2.1098,1.9934
2.1087,1.9942
2.1139,1.9902
2.1066,1.9913
2.0987,1.9974
2.1094,1.9939
2.1015,1.9954
2.0994,1.9971
2.0971,1.9989
2.0946,2.0009
2.0854,2.0079
2.0946,2.0052
2.0852,2.0076
2.0816,2.0101
2.0842,2.0078
2.0807,2.0057
2.0707,2.0085
2.0731,2.0066
2.0693,2.0048
2.0656,2.0031
2.0619,2.0015
2.0582,1.9999
2.0545,1.9985
2.0509,1.9971
2.0473,1.9958
2.0437,1.9946
2.0402,1.9934
2.0303,1.9972
2.0327,1.9961
2.029,1.9951
2.019,1.999
2.0212,1.998
2.0174,1.9971
2.0073,2.0011
2.003,2.0051
1.992,2.014
2.006,2.0082
2.002,2.0024
1.9919,2.0015
1.9881,2.0006
1.9844,1.9996
1.9678,2.0084
1.9889,1.9976
1.9668,2.0014
1.9694,2.0003
1.9725,1.9942
1.9571,1.9979
1.9602,1.9966
1.9573,1.9952
1.9547,1.9937
1.9523,1.9922
1.9436,1.9954
1.9475,1.9937
1.939,1.9968
1.9431,1.9948
1.9413,1.9928
1.9333,1.9955
1.9379,1.9932
1.9302,1.9957
1.9222,2.0029
1.9329,2.0002
1.9252,2.0023
1.9237,2.0043
1.9222,2.0061
1.9208,2.0077
1.9194,2.0092
1.9246,2.0057
1.9175,2.0069
1.9167,2.008
1.9223,2.004
1.9159,2.0048
1.9156,2.0053
1.922,2.0009
1.9226,1.9963
1.9173,1.9964
1.9247,1.9914
1.92,1.9912
1.9216,1.9909
1.9169,1.9952
1.9247,1.9945
1.9266,1.9937
1.9223,1.9976
1.9305,1.9964
1.9263,2
1.9282,2.0035
1.9365,2.0019
1.9389,2.0001
1.935,2.0031
1.9373,2.006
1.9394,2.0087
1.9416,2.0113
1.9501,2.0088
1.9592,2.0014
1.9498,2.0036
1.9591,2.0008
1.9625,1.9979
1.9598,1.9998
1.9696,1.9967
1.9735,1.9935
1.9778,1.9902
1.9758,1.9917
1.98,1.9931
1.9777,1.9993
1.994,1.9957
1.9985,1.992
1.9967,1.9931
2.0075,1.9893
2.0059,1.9904
2.004,1.9963
2.0144,1.9972
2.0185,1.9982
2.0227,1.9991
2.0267,2
2.0307,2.0009
2.0281,2.0067
2.0377,2.0076
2.0411,2.0085
2.0444,2.0094
2.0475,2.0103
2.057,2.0064
2.0476,2.0123
2.0629,2.0084
2.0597,2.0095
2.0688,2.0058
2.0655,2.007
2.0747,2.0034
2.0713,2.0047
2.0803,2.0013
2.0833,1.9979
2.08,1.9995
2.089,1.9963
2.0855,1.998
2.0943,1.995
2.0906,1.997
2.0928,1.9991
2.1012,1.9965
2.097,1.9988
2.0986,2.0013
2.1064,1.999
2.1016,2.0017
2.1091,1.9997
2.104,2.0027
2.111,2.001
2.1119,1.9994
2.1063,2.0028
2.1064,2.0064
2.119,2.0004
2.1132,1.9994
2.1133,1.9986
2.1134,1.9979
2.1133,1.9974
2.113,1.997
2.1127,1.9968
2.1122,1.9968
2.1115,1.9969
2.1171,1.9923
2.1103,1.9927
2.1029,1.9982
2.1206,1.9892
2.1074,1.9901
2.1062,1.9912
2.1048,1.9924
2.1033,1.9938
2.095,2.0002
2.1053,1.997
2.0905,2.0037
2.0938,2.0056
2.0907,2.0077
2.0874,2.01
2.0838,2.0123
2.0864,2.0099
2.0829,2.0076
2.0794,2.0055
2.076,2.0034
2.0725,2.0015
2.0626,2.0045
2.0715,1.9979
2.0621,1.9963
2.0523,1.9996
2.0612,1.9933
2.0519,1.9919
2.0422,1.9955
2.0448,1.9943
2.0414,1.9931
2.0316,1.9969
2.0341,1.9958
2.0241,1.9997
2.0199,2.0036
2.022,2.0026
2.0179,2.0017
2.0076,2.0057
2.0095,2.0048
2.0054,2.0039
1.9949,2.0079
1.9967,2.007
1.9926,2.0061
1.9885,2.0052
1.991,1.9993
1.9813,1.9983
1.9779,1.9973
1.9746,1.9962
1.9714,1.9951
1.9685,1.9939
1.9656,1.9927
1.963,1.9914
1.9541,1.9949
1.9512,1.9984
1.9547,1.9968
1.9523,1.9952
1.9437,1.9983
1.9411,2.0014
1.9385,2.0044
1.9358,2.0072
1.9395,2.005
1.9374,2.0028
1.9291,2.0053
1.9333,2.0027
1.9318,2.0001
1.9241,2.0022
1.929,1.9992
1.9281,1.9962
1.9276,1.9929
1.921,1.9945
1.9206,1.9958
1.9138,2.002
1.9258,1.9981
1.9196,1.9991
1.9196,1.9998
1.9197,2.0004
1.9199,2.0009
1.9203,2.0011
1.9208,2.0013
1.9279,1.9963
1.923,1.9961
1.9243,1.9958
1.9258,1.9953
1.9276,1.9946
1.923,1.9987
1.931,1.9977
1.9266,2.0014
1.9347,2.0001
1.9304,2.0036
1.9322,2.0069
1.9339,2.01
1.9355,2.013
1.9436,2.011
1.9457,2.0089
1.9416,2.0115
1.9501,2.009
1.9526,2.0065
1.9554,2.0038
1.952,2.0059
1.9612,2.0031
1.9645,2
1.9616,2.0018
1.9712,1.9986
1.975,1.9953
1.9726,1.9968
1.9763,1.9983
1.9864,1.9947
1.9843,1.996
1.9882,1.9972
1.9985,1.9934
1.9966,1.9945
2.0007,1.9956
2.0048,1.9966
2.0088,1.9976
2.0063,2.0034
2.0225,1.9994
2.0203,2.0003
2.0241,2.0012
2.0278,2.0021
2.0314,2.003
2.0349,2.0039
2.0319,2.0097
2.041,2.0106
2.0503,2.0067
2.0537,2.0028
2.0508,2.0039
2.0603,2.0001
2.0639,1.9963
2.0612,1.9975
2.0708,1.9939
2.0745,1.9903
2.0718,1.9918
2.0751,1.9933
2.0847,1.9899
2.0817,1.9916
2.0847,1.9934
2.0875,1.9953
2.09,1.9973
2.0923,1.9994
2.1008,1.9967
2.0967,1.999
2.0984,2.0015
2.0999,2.0041
2.101,2.0068
2.1019,2.0096
2.1088,2.0077
2.1095,2.006
2.1102,2.0044
2.1044,2.0078
2.1108,2.0065
2.1109,2.0054
2.1174,1.9995
2.1115,1.9986
2.1116,1.9979
2.1181,1.9925
2.1121,1.9922
2.1057,1.9968
2.1178,1.9919
2.1179,1.9871
2.1117,1.9874
2.1114,1.9878
2.1109,1.9884
2.1039,1.994
2.1089,1.9949
2.1076,1.996
2.0996,2.0021
2.1037,2.0034
2.1014,2.005
2.0989,2.0066
2.0897,2.0133
2.099,2.0104
2.0896,2.0124
2.0925,2.0098
2.0828,2.0121
2.0855,2.0097
2.0756,2.0123
2.0844,2.0052
2.0749,2.0032
2.0715,2.0013
2.0681,1.9994
2.0648,1.9977
2.0615,1.996
2.0582,1.9945
2.0614,1.9881
2.0459,1.9916
2.0489,1.9903
2.0458,1.9891
2.0298,1.9977
2.0449,1.9917
2.029,1.9955
2.0317,1.9945
2.0218,1.9984
2.0177,2.0023
2.0135,2.0063
2.0154,2.0054
2.0048,2.0093
2.0066,2.0084
2.0023,2.0076
1.9981,2.0067
1.994,2.0058
1.9899,2.0048
1.986,2.0039
1.9821,2.0029
1.9849,1.997
1.9755,1.9959
1.9723,1.9948
1.9693,1.9937
1.9601,1.9973
1.9632,1.996
1.9605,1.9946
1.9515,1.9981
1.9485,2.0014
1.9518,1.9998
1.9493,1.9981
1.947,1.9963
1.9385,1.9992
1.9425,1.9972
1.9342,1.9999
1.932,2.0026
1.9363,2.0002
1.9282,2.0025
1.9327,1.9999
1.925,2.002
1.9299,1.9991
1.9225,2.0009
1.9213,2.0026
1.9202,2.0041
1.9255,2.0006
1.9187,2.0019
1.9181,2.0029
1.924,1.999
1.9178,1.9998
1.9178,2.0004
1.9179,2.0008
1.9246,1.9962
1.9192,1.9964
1.9137,2.0012
1.927,1.9962
1.9221,1.9958
1.9235,1.9953
1.9251,1.9947
1.927,1.9938
1.9225,1.9978
1.9306,1.9966
1.9263,2.0002
1.9281,2.0037
1.9298,2.007
1.9314,2.0102
1.933,2.0132
1.9409,2.0112
1.9365,2.0139
1.9446,2.0116
1.9468,2.0092
1.9493,2.0067
1.952,2.0041
1.955,2.0013
1.9647,1.9935
1.9624,1.9905
1.9665,1.9874
1.9644,1.9891
1.9685,1.9907
1.9789,1.9873
1.9707,1.9936
1.9873,1.9901
1.9854,1.9914
1.9832,1.9975
1.9933,1.9986
1.9972,1.9997
2.0011,2.0008
1.9984,2.0067
2.008,2.0076
2.0114,2.0086
2.0148,2.0095
2.0245,2.0055
2.0218,2.0064
2.0317,2.0024
2.0356,1.9984
2.0333,1.9993
2.037,2.0002
2.0471,1.9963
2.0512,1.9924
2.0556,1.9885
2.0536,1.9895
2.0577,1.9906
2.0681,1.9868
2.066,1.988
2.07,1.9893
2.0738,1.9906
2.0774,1.992
2.0809,1.9935
2.0841,1.9951
2.0807,2.0017
2.0958,1.9985
2.0923,2.0004
2.0947,2.0024
2.0903,2.0093
2.0979,2.0115
2.0992,2.0139
2.113,2.0065
2.102,2.0091
2.1093,2.0069
2.1105,2.0049
2.1116,2.003
2.1063,2.0061
2.1196,1.9996
2.1144,1.9982
2.1153,1.9968
2.1161,1.9957
2.1168,1.9947
2.1109,1.9987
2.1237,1.9931
2.1179,1.9926
2.1117,1.9971
2.1176,1.9968
2.1108,2.0017
2.1161,2.0018
2.1216,1.9971
2.1146,1.9975
2.1136,1.9981
2.1059,2.0037
2.1103,2.0046
2.1083,2.0057
2.1126,2.002
2.1043,2.0033
2.1084,1.9999
2.1,2.0016
2.0975,2.0034
2.0947,2.0053
2.0916,2.0074
2.0948,2.0047
2.0918,2.0021
2.0825,2.0046
2.0854,2.0023
2.0822,2.0001
2.0791,1.9981
2.076,1.9961
2.0665,1.9992
2.0692,1.9974
2.0595,2.0007
2.0555,2.004
2.0578,2.0025
2.054,2.0011
2.0437,2.0047
2.0457,2.0035
2.0416,2.0023
2.0376,2.0011
2.0272,2.005
2.0355,1.999
2.0255,1.9981
2.0152,2.002
2.0172,2.0011
2.0132,2.0001
2.0156,1.9944
2.0059,1.9935
2.0024,1.9926
1.999,1.9917
1.9957,1.9908
1.9861,1.9947
1.9824,1.9987
1.985,1.9977
1.9816,1.9967
1.9783,1.9956
1.9687,1.9994
1.9651,2.0031
1.9613,2.0068
1.9575,2.0104
1.9664,2.0041
1.9506,2.0076
1.9534,2.0061
1.9438,2.0093
1.9467,2.0076
1.9438,2.0058
1.941,2.0039
1.9385,2.0019
1.9363,1.9997
1.9343,1.9975
1.9326,1.9951
1.9312,1.9926
1.9237,1.9948
1.9287,1.9921
1.928,1.9891
1.9212,1.991
1.9206,1.9927
1.92,1.9942
1.926,1.9907
1.9198,1.992
1.9199,1.9931
1.9136,1.9989
1.9196,1.9997
1.9197,2.0003
1.92,2.0008
1.9203,2.0011
1.9208,2.0013
1.9215,2.0012
1.9224,2.0011
1.9298,1.9959
1.9252,1.9954
1.9269,1.9947
1.9288,1.9939
1.9245,1.9978
1.9327,1.9967
1.9285,2.0003
1.9239,2.0087
1.9444,2.0022
1.9342,2.0054
1.9296,2.0133
1.9438,2.0113
1.946,2.0092
1.9354,2.0167
1.9562,2.0094
1.9462,2.0118
1.9548,2.0092
1.9576,2.0064
1.9541,2.0084
1.9697,2.0005
1.9671,1.9974
1.9709,1.9943
1.975,1.991
1.9794,1.9876
1.9712,1.9939
1.9942,1.9855
1.9865,1.9868
1.9911,1.988
1.9957,1.9892
2.0002,1.9903
1.9983,1.9962
2.0086,1.9972
2.0127,1.9982
2.0103,2.004
2.0201,2.0049
2.0238,2.0058
2.0209,2.0116
2.0302,2.0125
2.0398,2.0085
2.0369,2.0094
2.0401,2.0103
2.0431,2.0113
2.046,2.0122
2.0552,2.0083
2.0456,2.0142
2.0671,2.0056
2.0577,2.0067
2.0734,1.9981
2.0643,1.9994
2.0738,1.9958
2.0708,1.9972
2.0801,1.9938
2.0771,1.9954
2.0863,1.9921
2.0896,1.989
2.0865,1.9909
2.0957,1.9879
2.0924,1.99
2.0949,1.9922
2.1037,1.9896
2.0935,1.997
2.1078,1.9946
2.097,2.0022
2.1171,1.9953
2.0998,2.0031
2.1196,1.9965
2.1084,1.9997
2.109,2.0032
2.1222,1.9969
2.1105,2.0006
2.1106,2.0045
2.1167,2.0036
2.1166,2.0029
2.1164,2.0024
2.1096,2.0069
2.1278,1.9969
2.1152,1.9968
2.1147,1.9969
2.1204,1.9922
2.1137,1.9926
2.1065,1.9981
2.1243,1.989
2.1113,1.9899
2.1038,1.9958
2.1148,1.9921
2.0944,2.0032
2.1108,1.9998
2.1025,2.0015
2.1,2.0032
2.0909,2.01
2.0938,2.0121
2.0967,2.0094
2.0936,2.0068
2.084,2.0093
2.0802,2.0119
2.0891,2.0048
2.0732,2.0076
2.0756,2.0057
2.072,2.0038
2.0683,2.0021
2.0647,2.0004
2.0612,1.9988
2.0576,1.9974
2.0541,1.996
2.0506,1.9946
2.0471,1.9934
2.0437,1.9922
2.0404,1.9911
2.0306,1.9949
2.0267,1.9987
2.029,1.9977
2.0253,1.9968
2.0152,2.0007
2.0109,2.0047
2.0064,2.0087
2.0081,2.0078
1.9973,2.0118
1.9989,2.0109
1.9944,2.01
1.99,2.0091
1.9857,2.0081
1.9815,2.0072
1.9839,2.0013
1.9741,2.0002
1.977,1.9942
1.9678,1.9931
1.9649,1.9918
1.9622,1.9906
1.9532,1.9941
1.9502,1.9975
1.96,1.9911
1.9453,1.9944
1.9426,1.9976
1.9464,1.9958
1.9314,2.0037
1.9347,2.0065
1.9448,1.9995
1.9303,2.0022
1.9345,1.9998
1.92,2.0071
1.9303,2.0044
1.9286,2.0017
1.9209,2.0037
1.9257,2.0006
1.9119,2.0072
1.9294,1.999
1.9099,2.0053
1.9278,1.9968
1.9217,1.993
1.9156,1.994
1.9222,1.9899
1.9038,2.0003
1.9226,1.9959
1.917,1.9962
1.9113,2.0012
1.9245,1.9964
1.913,2.0011
1.92,2.0008
1.9083,2.0101
1.9277,2.0046
1.9163,2.0087
1.9235,2.0077
1.9184,2.0115
1.9386,2.0005
1.922,2.0039
1.9365,1.9975
1.9329,1.9958
1.9356,1.9939
1.9322,1.9969
1.9412,1.9947
1.9509,1.9876
1.9422,1.9901
1.9521,1.9876
1.9432,1.9947
1.9657,1.9871
1.9445,1.9989
1.9666,1.9959
1.9641,1.9977
1.9678,1.9994
1.9714,2.001
1.9685,2.0074
1.9779,2.0089
1.9811,2.0102
1.9779,2.0164
1.9932,2.0127
1.9966,2.009
1.9939,2.0101
2.0035,2.0063
2.0009,2.0073
2.0173,1.9985
2.0155,1.9946
2.0136,1.9955
2.0242,1.9915
2.0289,1.9875
2.0275,1.9884
2.032,1.9893
2.043,1.9853
2.0416,1.9862
2.0462,1.9871
2.0443,1.993
2.0546,1.994
2.0457,2.0048
2.0548,2.0107
2.0702,2.007
2.0671,2.0082
2.0699,2.0094
2.0725,2.0107
2.0684,2.017
2.0829,2.0136
2.0852,2.0103
2.0876,2.007
2.0771,2.0137
2.1041,2.0009
2.088,2.0028
2.1028,1.9951
2.0993,1.9924
2.1019,1.9898
2.1045,1.9874
2.1007,1.9899
2.1092,1.9877
2.1051,1.9906
2.1004,1.9984
2.114,1.9966
2.1089,1.9999
2.1096,2.0033
2.1098,2.0068
2.1097,2.0105
2.1157,2.0095
2.1089,2.0135
2.1207,2.0079
2.114,2.0073
2.1133,2.0069
2.1124,2.0066
2.1178,2.0017
2.1172,1.9968
2.1103,1.9971
2.1158,1.9926
2.1088,1.9931
2.1143,1.9889
2.1072,1.9898
2.1125,1.9859
2.1054,1.9871
2.1042,1.9884
2.1027,1.9899
2.0946,1.9964
2.105,1.9933
2.0903,2.0001
2.0938,2.0022
2.0909,2.0043
2.0877,2.0067
2.0778,2.014
2.0863,2.0117
2.0826,2.0095
2.079,2.0074
2.0689,2.0103
2.0711,2.0085
2.0671,2.0067
2.0632,2.005
2.0658,1.9986
2.0561,1.9971
2.0461,2.0006
2.0484,1.9992
2.0511,1.9931
2.0415,1.9919
2.0317,1.9957
2.0342,1.9946
2.0306,1.9935
2.0206,1.9974
2.0165,2.0014
2.025,1.9955
2.0088,1.9995
2.0111,1.9986
2.0008,2.0026
2.0029,2.0017
1.9925,2.0057
1.9945,2.0048
1.9904,2.0039
1.9864,2.003
1.9761,2.0069
1.9782,2.0059
1.9743,2.0048
1.9705,2.0037
1.9734,1.9977
1.9641,1.9964
1.9611,1.9952
1.9647,1.9889
1.9498,1.9924
1.9535,1.9909
1.9514,1.9893
1.943,1.9925
1.9471,1.9907
1.9324,1.9985
1.9361,2.0014
1.9336,2.0042
1.9376,2.0019
1.9293,2.0045
1.9271,2.0069
1.9248,2.0091
1.9291,2.0064
1.9275,2.0035
1.9198,2.0054
1.9247,2.0022
1.9174,2.0038
1.9228,2.0003
1.9159,2.0016
1.9153,2.0027
1.9212,1.9988
1.9214,1.9947
1.9155,1.9954
1.9224,1.991
1.9107,1.9962
1.9175,1.9964
1.9249,1.9915
1.9202,1.9913
1.9217,1.991
1.9235,1.9906
1.919,1.9948
1.927,1.9941
1.9226,1.998
1.9243,2.0018
1.9259,2.0054
1.9274,2.0089
1.9353,2.0074
1.9308,2.0106
1.9324,2.0136
1.9404,2.0117
1.936,2.0145
1.9441,2.0122
1.9529,2.0049
1.9431,2.0073
1.952,2.0047
1.955,2.002
1.9647,1.9942
1.9625,1.9912
1.9602,1.9931
1.9704,1.9899
1.9683,1.9915
1.9788,1.9881
1.9771,1.9896
1.9814,1.991
1.9857,1.9923
1.99,1.9935
1.9943,1.9946
1.992,2.0006
2.0021,2.0017
1.9995,2.0076
2.0155,2.0037
2.0067,2.0095
2.0226,2.0056
2.0201,2.0065
2.0301,2.0025
2.0277,2.0034
2.0313,2.0043
2.0349,2.0052
2.0448,2.0012
2.0423,2.0021
2.0523,1.9982
2.0498,1.9992
2.0534,2.0002
2.0633,1.9964
2.0608,1.9975
2.0642,1.9987
2.0739,1.995
2.0712,1.9964
2.0744,1.9977
2.0775,1.9992
2.0803,2.0008
2.083,2.0024
2.0918,1.9993
2.0882,2.0011
2.0968,1.9982
2.093,2.0002
2.095,2.0024
2.1032,1.9998
2.1052,1.9973
2.1009,1.9999
2.1087,1.9977
2.104,2.0005
2.1116,1.9986
2.1129,1.9968
2.1143,1.9951
2.1091,1.9985
2.1161,1.9971
2.1104,2.0008
2.117,1.9998
2.1173,1.9989
2.1175,1.9981
2.1176,1.9976
2.1175,1.9971
2.1173,1.9969
2.117,1.9968
2.1229,1.9919
2.1164,1.9922
2.1159,1.9925
2.1152,1.9931
2.1208,1.9889
2.1074,1.9946
2.1187,1.9907
2.1049,1.9968
2.1094,1.9981
2.1074,1.9996
2.0988,2.0061
2.0958,2.0127
2.1051,2.0097
2.0957,2.0118
2.0922,2.0139
2.0884,2.0162
2.0844,2.0187
2.0864,2.0164
2.0824,2.0141
2.0784,2.0121
2.0744,2.0101
2.0769,2.0033
2.067,2.0016
2.0634,1.9999
2.0662,1.9934
2.0567,1.9919
2.0535,1.9905
2.0502,1.9892
2.047,1.9879
2.0439,1.9867
2.0343,1.9905
2.0371,1.9894
2.0274,1.9932
2.0235,1.9971
2.0195,2.001
2.0087,2.0099
2.0228,2.0041
2.0061,2.0081
2.0078,2.0072
2.0034,2.0063
1.9927,2.0103
1.9943,2.0094
1.9835,2.0134
1.9914,2.0075
1.9811,2.0065
1.977,2.0055
1.973,2.0045
1.9691,2.0034
1.9719,1.9974
1.9625,1.9962
1.9659,1.99
1.9572,1.9886
1.9548,1.9872
1.9462,1.9906
1.9501,1.989
1.9481,1.9873
1.9399,1.9904
1.9377,1.9934
1.942,1.9914
1.9276,1.9991
